  1000, 113.9420,  30.9070,      10.
  1001, 113.9850,  31.0580,      16.
  1002, 114.0490,  31.2250,      53.
  1003, 114.1720,  31.4360,     119.
  1004, 114.3220,  31.6830,     140.
  1005, 114.4690,  31.9780,      86.
  1006, 114.5810,  32.2550,      50.
  1007, 114.7030,  32.5260,      47.
  1008, 114.8580,  32.8070,      44.
  1009, 115.0290,  33.1260,      44.
  1010, 115.1920,  33.4750,      44.
  1011, 115.3510,  33.8420,      44.
  1012, 115.5150,  34.2190,      44.
  1013, 115.6650,  34.6040,      42.
  1014, 115.7950,  34.9830,      30.
  1015, 115.9150,  35.3470,      29.
  1016, 116.0240,  35.6860,      29.
  1017, 116.1360,  36.0410,      46.
  1018, 116.2860,  36.3960,      24.
  1019, 116.3970,  36.6570,      10.
  1020, 116.4640,  36.8980,       7.
  1021, 116.5290,  37.1280,       7.
  1022, 116.6100,  37.3060,       7.
  1023, 116.7090,  37.4130,       4.
  1024, 116.8310,  37.4700,       0.
  1025, 116.9890,  37.5230,       0.
  1026, 117.1940,  37.6150,       0.
  1027, 117.4740,  37.7490,       0.
  1028, 117.7740,  37.9040,       0.
  1029, 118.0600,  38.0990,       0.
  1030, 118.3200,  38.3280,       0.
  1031, 118.6070,  38.5510,       0.
  1032, 118.8480,  38.6790,       0.
  1033, 119.0060,  38.6430,       0.
  1034, 119.1420,  38.4500,       0.
  1035, 119.2500,  38.2030,       5.
  1036, 119.3140,  37.9400,      13.
  1037, 119.3340,  37.6620,      18.
  1038, 119.3290,  37.3600,      18.
  1039, 119.3010,  37.0560,      14.
  1040, 119.2650,  36.7800,      36.
  1041, 119.1830,  36.4710,      98.
  1042, 119.0160,  36.1080,     257.
  1043, 118.7960,  35.6640,     277.
  1044, 118.6740,  35.2490,     205.
  1045, 118.6500,  34.8790,     135.
  1046, 118.6620,  34.5240,     108.
  1047, 118.6910,  34.2040,      85.
  1048, 118.7420,  33.8820,      94.
  2000, 113.9420,  30.9070,      10.
  2005, 113.9940,  31.0990,      35.
  2006, 114.0320,  31.2980,      58.
  2007, 114.1170,  31.5230,     106.
  2008, 114.2710,  31.8000,     140.
  2009, 114.4660,  32.0870,      46.
  2010, 114.6530,  32.3510,      12.
  2011, 114.8090,  32.5970,       0.
  2012, 114.9770,  32.8680,       0.
  2013, 115.1380,  33.1700,       0.
  2014, 115.2640,  33.4840,       0.
  2015, 115.3760,  33.8130,       0.
  2016, 115.4870,  34.1440,       0.
  2017, 115.5840,  34.4490,       0.
  2018, 115.6610,  34.7310,       0.
  2019, 115.7060,  34.9960,       0.
  2020, 115.7210,  35.2120,       0.
  2021, 115.6990,  35.3690,       0.
  2022, 115.6950,  35.5080,       0.
  2023, 115.7700,  35.6650,       0.
  2024, 115.9210,  35.8200,       0.
  2025, 116.0670,  35.9510,       2.
  2026, 116.1530,  36.0890,      12.
  2027, 116.2180,  36.2860,       0.
  2028, 116.2400,  36.4770,       0.
  2029, 116.2040,  36.5660,       0.
  2030, 116.1160,  36.5750,       0.
  2031, 115.9920,  36.4840,       0.
  2032, 115.8430,  36.3080,       0.
  2033, 115.6650,  36.0760,       1.
  2034, 115.4690,  35.8120,       2.
  2035, 115.2740,  35.5390,       6.
  2036, 115.0950,  35.2700,      13.
  2037, 114.9410,  34.9950,      19.
  2038, 114.8190,  34.7180,      18.
  2039, 114.7320,  34.4570,      17.
  2040, 114.6710,  34.2150,      17.
  2041, 114.6370,  33.9920,      17.
  2042, 114.6320,  33.7930,      17.
  2043, 114.6400,  33.6050,      17.
  2044, 114.6440,  33.4210,      17.
  2045, 114.6430,  33.2380,      17.
  2046, 114.6470,  33.0530,      17.
  2047, 114.6670,  32.8670,      18.
  2048, 114.7050,  32.6830,      18.
  2049, 114.7490,  32.5050,      18.
  2050, 114.7870,  32.3330,      20.
  2051, 114.8250,  32.1500,      32.
  2052, 114.8570,  31.9360,      67.
  3000, 113.9420,  30.9070,      10.
  3009, 113.9980,  31.1590,      22.
  3010, 114.0760,  31.4260,      83.
  3011, 114.2110,  31.6860,     156.
  3012, 114.3530,  31.9800,     109.
  3013, 114.4450,  32.2380,      40.
  3014, 114.5040,  32.4620,      27.
  3015, 114.5540,  32.7000,      12.
  3016, 114.5910,  32.9430,       0.
  3017, 114.6210,  33.1700,       0.
  3018, 114.6440,  33.3790,       0.
  3019, 114.6740,  33.6150,       0.
  3020, 114.6970,  33.8540,       0.
  3021, 114.7020,  34.0800,       0.
  3022, 114.7020,  34.2800,       0.
  3023, 114.7020,  34.4750,       4.
  3024, 114.6820,  34.6850,      16.
  3025, 114.6250,  34.9110,      21.
  3026, 114.5560,  35.1940,      25.
  3027, 114.4490,  35.5820,      54.
  3028, 114.3250,  35.9130,     142.
  3029, 114.3170,  36.1950,     109.
  3030, 114.4110,  36.6210,     137.
  3031, 114.5400,  36.9380,     103.
  3032, 114.6590,  37.1730,      74.
  3033, 114.7120,  37.3920,      58.
  3034, 114.7670,  37.5680,      54.
  3035, 114.8210,  37.6650,      55.
  3036, 114.8520,  37.6850,      56.
  3037, 114.8490,  37.6210,      53.
  3038, 114.8160,  37.4680,      51.
  3039, 114.7460,  37.2390,      51.
  3040, 114.6650,  36.9670,      50.
  3041, 114.6030,  36.6810,      64.
  3042, 114.5480,  36.3800,      61.
  3043, 114.5040,  36.0480,      59.
  3044, 114.4270,  35.7370,      61.
  3045, 114.3140,  35.4780,      61.
  3046, 114.2210,  35.2360,      56.
  3047, 114.1700,  34.9720,      55.
  3048, 114.1310,  34.6930,      58.
  3049, 114.1000,  34.4020,      59.
  3050, 114.0870,  34.1160,      46.
  3051, 114.0810,  33.8380,      45.
  3052, 114.0630,  33.5570,      58.
  3053, 114.0190,  33.2670,      86.
  3054, 113.9350,  32.9590,     167.
  3055, 113.8200,  32.6230,     261.
  3056, 113.7090,  32.2890,     326.
  4000, 113.9420,  30.9070,      10.
  4013, 113.9710,  31.1030,      16.
  4014, 114.0600,  31.3300,      72.
  4015, 114.1850,  31.5650,     144.
  4016, 114.2590,  31.8110,     226.
  4017, 114.2380,  32.0660,     229.
  4018, 114.2020,  32.3250,     211.
  4019, 114.1500,  32.6200,     170.
  4020, 114.0880,  32.9430,     172.
  4021, 114.0770,  33.2490,     143.
  4022, 114.1050,  33.5830,     128.
  4023, 114.1070,  33.9540,     137.
  4024, 114.0980,  34.3220,     138.
  4025, 114.0640,  34.6790,     129.
  4026, 114.1180,  35.1150,     133.
  4027, 114.1720,  35.6340,     339.
  4028, 114.2220,  36.0960,     458.
  4029, 114.3720,  36.5720,     628.
  4030, 114.5460,  37.0090,     769.
  4031, 114.7180,  37.3690,     872.
  4032, 114.8370,  37.6410,    1014.
  4033, 114.9260,  37.8820,    1120.
  4034, 114.9870,  38.0850,    1304.
  4035, 114.9870,  38.2750,    1406.
  4036, 114.9470,  38.4400,    1484.
  4037, 114.8330,  38.5720,    1647.
  4038, 114.6450,  38.6820,    1724.
  4039, 114.4210,  38.7740,    1694.
  4040, 114.1710,  38.8350,    1513.
  4041, 113.8070,  38.8410,    1559.
  4042, 113.2490,  38.8310,    1564.
  4043, 112.7900,  38.7870,    1314.
  4044, 112.2770,  38.7250,    1263.
  4045, 111.7630,  38.6750,    1546.
  4046, 111.2450,  38.5730,    1562.
  4047, 110.7110,  38.2930,    1206.
  4048, 110.2820,  37.9050,     894.
  4049, 109.9430,  37.5110,     933.
  4050, 109.6480,  37.1950,    1079.
  4051, 109.3760,  36.9960,    1362.
  4052, 109.1380,  36.8340,    1550.
  4053, 108.9330,  36.6460,    1551.
  4054, 108.7740,  36.4230,    1375.
  4055, 108.6510,  36.1780,    1290.
  4056, 108.5120,  35.9460,    1229.
  4057, 108.3530,  35.7060,    1222.
  4058, 108.1770,  35.4510,    1226.
  4059, 107.9800,  35.1920,    1305.
  4060, 107.7240,  34.9340,    1384.
  5000, 113.9420,  30.9070,      10.
  5017, 114.0140,  31.1050,      16.
  5018, 114.0820,  31.2960,      86.
  5019, 114.1190,  31.4610,     189.
  5020, 114.0990,  31.5960,     230.
  5021, 114.0760,  31.7650,     333.
  5022, 114.0570,  31.9430,     365.
  5023, 113.9980,  32.0210,     327.
  5024, 113.9110,  31.9810,     308.
  5025, 113.8210,  31.8280,     262.
  5026, 113.7610,  31.6130,     154.
  5027, 113.6760,  31.3590,     127.
  5028, 113.5880,  31.0940,     114.
  5029, 113.5240,  30.8230,     124.
  5030, 113.4540,  30.5300,     174.
  5031, 113.3770,  30.2210,     235.
  5032, 113.3040,  29.9000,     297.
  5033, 113.2390,  29.5690,     391.
  5034, 113.2050,  29.2290,     470.
  5035, 113.2130,  28.8950,     515.
  5036, 113.2440,  28.5870,     615.
  5037, 113.2620,  28.3040,     629.
  5038, 113.2740,  28.0200,     588.
  5039, 113.2720,  27.7380,     585.
  5040, 113.2460,  27.4590,     633.
  5041, 113.2090,  27.1790,     680.
  5042, 113.1930,  26.9230,     687.
  5043, 113.1670,  26.6840,     652.
  5044, 113.1480,  26.4510,     629.
  5045, 113.1450,  26.2260,     633.
  5046, 113.1570,  26.0290,     653.
  5047, 113.1690,  25.8550,     716.
  5048, 113.1520,  25.6900,     846.
  5049, 113.1210,  25.5480,     924.
  5050, 113.0920,  25.4350,     959.
  5051, 113.0740,  25.3540,     930.
  5052, 113.0560,  25.3010,     864.
  5053, 113.0230,  25.2700,     849.
  5054, 112.9670,  25.2540,     973.
  5055, 112.8970,  25.2320,    1187.
  5056, 112.8180,  25.1990,    1360.
  5057, 112.7360,  25.1610,    1524.
  5058, 112.6360,  25.1240,    1638.
  5059, 112.5100,  25.1000,    1715.
  5060, 112.3660,  25.0830,    1835.
  5061, 112.1930,  25.0690,    1948.
  5062, 111.9750,  25.0400,    2016.
  5063, 111.7410,  25.0030,    2059.
  5064, 111.5270,  24.9660,    2071.
  6000, 113.9420,  30.9070,      10.
  6021, 113.9560,  31.0380,      26.
  6022, 113.9730,  31.1090,      57.
  6023, 114.0410,  31.1210,      83.
  6024, 114.1670,  31.0710,      87.
  6025, 114.3240,  30.9770,      59.
  6026, 114.4790,  30.8670,      35.
  6027, 114.6740,  30.7570,      34.
  6028, 114.8860,  30.6410,      50.
  6029, 115.0330,  30.5190,      84.
  6030, 115.1470,  30.4020,     114.
  6031, 115.2640,  30.2780,      92.
  6032, 115.3710,  30.1240,      74.
  6033, 115.4570,  29.9510,      75.
  6034, 115.5380,  29.7520,     132.
  6035, 115.5970,  29.5240,     173.
  6036, 115.6470,  29.3030,     162.
  6037, 115.6450,  29.1130,     171.
  6038, 115.5850,  28.9520,     175.
  6039, 115.5170,  28.8150,     182.
  6040, 115.4530,  28.6920,     173.
  6041, 115.3860,  28.5800,     159.
  6042, 115.3120,  28.4670,     137.
  6043, 115.2500,  28.3500,     116.
  6044, 115.1970,  28.2250,      95.
  6045, 115.1570,  28.1120,      80.
  6046, 115.1280,  27.9960,      76.
  6047, 115.1170,  27.8810,      78.
  6048, 115.1080,  27.7710,      89.
  6049, 115.1050,  27.6590,      99.
  6050, 115.1250,  27.5550,      97.
  6051, 115.1510,  27.4630,      86.
  6052, 115.1720,  27.3790,      79.
  6053, 115.1740,  27.3030,      73.
  6054, 115.1570,  27.2470,      62.
  6055, 115.1280,  27.2040,      50.
  6056, 115.0960,  27.1630,      42.
  6057, 115.0520,  27.1200,      37.
  6058, 114.9980,  27.0700,      35.
  6059, 114.9530,  27.0120,      36.
  6060, 114.9260,  26.9440,      39.
  6061, 114.9130,  26.8730,      46.
  6062, 114.9060,  26.8100,      56.
  6063, 114.8980,  26.7550,      67.
  6064, 114.8910,  26.7070,      78.
  6065, 114.8890,  26.6580,      92.
  6066, 114.8940,  26.6110,     112.
  6067, 114.9050,  26.5630,     138.
  6068, 114.9260,  26.5110,     176.
  7000, 113.9420,  30.9070,      10.
  7025, 114.0250,  30.8730,      12.
  7026, 114.0790,  30.8170,      11.
  7027, 114.1260,  30.7460,       9.
  7028, 114.1780,  30.6550,      10.
  7029, 114.2170,  30.5410,      16.
  7030, 114.2210,  30.4030,      33.
  7031, 114.1860,  30.2670,      45.
  7032, 114.1430,  30.1290,      52.
  7033, 114.1140,  29.9710,      71.
  7034, 114.0980,  29.7940,     141.
  7035, 114.0820,  29.6090,     258.
  7036, 114.0770,  29.4360,     364.
  7037, 114.1020,  29.2840,     497.
  7038, 114.1280,  29.1380,     606.
  7039, 114.1470,  28.9930,     639.
  7040, 114.1700,  28.8470,     632.
  7041, 114.1890,  28.6850,     631.
  7042, 114.1810,  28.5230,     708.
  7043, 114.1350,  28.3560,     819.
  7044, 114.1030,  28.1960,     857.
  7045, 114.0850,  28.0450,     884.
  7046, 114.0680,  27.9020,     916.
  7047, 114.0530,  27.7720,     933.
  7048, 114.0610,  27.6520,     965.
  7049, 114.0780,  27.5240,    1042.
  7050, 114.0850,  27.3970,    1043.
  7051, 114.0990,  27.2880,     933.
  7052, 114.1250,  27.1890,     795.
  7053, 114.1480,  27.1070,     722.
  7054, 114.1610,  27.0560,     654.
  7055, 114.1640,  27.0300,     611.
  7056, 114.1520,  27.0190,     657.
  7057, 114.1170,  27.0150,     789.
  7058, 114.0680,  27.0040,     925.
  7059, 114.0170,  26.9810,    1006.
  7060, 113.9660,  26.9510,    1068.
  7061, 113.9030,  26.9200,    1119.
  7062, 113.8170,  26.8890,    1155.
  7063, 113.7010,  26.8510,    1185.
  7064, 113.5730,  26.8000,    1218.
  7065, 113.4450,  26.7290,    1245.
  7066, 113.3150,  26.6360,    1242.
  7067, 113.1960,  26.5310,    1204.
  7068, 113.0990,  26.4230,    1151.
  7069, 113.0200,  26.3130,    1083.
  7070, 112.9610,  26.2100,    1019.
  7071, 112.9220,  26.1230,     992.
  7072, 112.8980,  26.0470,     998.
  8000, 113.9420,  30.9070,      10.
  8029, 113.9160,  30.7730,       6.
  8030, 113.8910,  30.6050,       2.
  8031, 113.8730,  30.4190,       0.
  8032, 113.8450,  30.2350,       0.
  8033, 113.8040,  30.0490,       0.
  8034, 113.7600,  29.8610,      14.
  8035, 113.7350,  29.6440,      83.
  8036, 113.7270,  29.4050,     194.
  8037, 113.7460,  29.1920,     248.
  8038, 113.7800,  29.0250,     329.
  8039, 113.8200,  28.8840,     428.
  8040, 113.8840,  28.7670,     474.
  8041, 113.9500,  28.6500,     496.
  8042, 113.9920,  28.5190,     552.
  8043, 114.0240,  28.3720,     635.
  8044, 114.0750,  28.2270,     664.
  8045, 114.1320,  28.1010,     670.
  8046, 114.1850,  27.9860,     684.
  8047, 114.2280,  27.8770,     724.
  8048, 114.2510,  27.7730,     778.
  8049, 114.2640,  27.6690,     816.
  8050, 114.2800,  27.5480,     776.
  8051, 114.3050,  27.4190,     602.
  8052, 114.3640,  27.2660,     409.
  8053, 114.4110,  27.1290,     352.
  8054, 114.4500,  27.0470,     316.
  8055, 114.4840,  27.0010,     242.
  8056, 114.5160,  26.9720,     167.
  8057, 114.5470,  26.9600,     122.
  8058, 114.5740,  26.9450,      98.
  8059, 114.6010,  26.9070,      86.
  8060, 114.6250,  26.8460,      81.
  8061, 114.6420,  26.7740,      76.
  8062, 114.6490,  26.7070,      74.
  8063, 114.6510,  26.6480,      82.
  8064, 114.6490,  26.5900,      92.
  8065, 114.6460,  26.5320,     101.
  8066, 114.6370,  26.4760,     106.
  8067, 114.6230,  26.4220,     113.
  8068, 114.6110,  26.3690,     125.
  8069, 114.6040,  26.3210,     132.
  8070, 114.6040,  26.2760,     143.
  8071, 114.6110,  26.2330,     166.
  8072, 114.6280,  26.1910,     194.
  8073, 114.6540,  26.1460,     220.
  8074, 114.6880,  26.1020,     238.
  8075, 114.7300,  26.0630,     250.
  8076, 114.7810,  26.0350,     265.
  9000, 113.9420,  30.9070,      10.
  9033, 113.9110,  30.6800,       4.
  9034, 113.8890,  30.4600,       2.
  9035, 113.8600,  30.2590,       0.
  9036, 113.8240,  30.0680,       2.
  9037, 113.8090,  29.8950,      18.
  9038, 113.8330,  29.7270,      80.
  9039, 113.8800,  29.5640,     194.
  9040, 113.9360,  29.4170,     309.
  9041, 113.9950,  29.2680,     462.
  9042, 114.0240,  29.1070,     624.
  9043, 114.0260,  28.9370,     662.
  9044, 114.0470,  28.7600,     671.
  9045, 114.0770,  28.5790,     737.
  9046, 114.0770,  28.4040,     884.
  9047, 114.0840,  28.2430,     956.
  9048, 114.1140,  28.1080,    1009.
  9049, 114.1410,  27.9970,    1076.
  9050, 114.1670,  27.8980,    1079.
  9051, 114.1970,  27.8150,    1039.
  9052, 114.2210,  27.7470,    1012.
  9053, 114.2270,  27.6930,     924.
  9054, 114.2250,  27.6630,     690.
  9055, 114.2180,  27.6650,     443.
  9056, 114.2050,  27.6860,     261.
  9057, 114.1830,  27.7310,     133.
  9058, 114.1640,  27.7810,      44.
  9059, 114.1630,  27.8080,       0.
  9060, 114.1780,  27.8240,       0.
  9061, 114.2040,  27.8330,       0.
  9062, 114.2360,  27.8370,       0.
  9063, 114.2710,  27.8350,       0.
  9064, 114.3030,  27.8300,       6.
  9065, 114.3310,  27.8260,      19.
  9066, 114.3550,  27.8220,      30.
  9067, 114.3800,  27.8190,      39.
  9068, 114.4080,  27.8160,      46.
  9069, 114.4400,  27.8150,      52.
  9070, 114.4750,  27.8140,      56.
  9071, 114.5130,  27.8120,      59.
  9072, 114.5530,  27.8090,      62.
  9073, 114.6020,  27.8060,      61.
  9074, 114.6670,  27.8110,      50.
  9075, 114.7440,  27.8300,      35.
  9076, 114.8270,  27.8590,      25.
  9077, 114.9070,  27.8890,      18.
  9078, 114.9780,  27.9080,      11.
  9079, 115.0390,  27.9260,       3.
  9080, 115.0920,  27.9530,       0.
 10000, 113.9420,  30.9070,      10.
 10037, 113.9340,  30.7160,       5.
 10038, 113.9570,  30.5470,       4.
 10039, 114.0190,  30.4010,       4.
 10040, 114.1060,  30.2760,       4.
 10041, 114.1950,  30.1610,       6.
 10042, 114.2860,  30.0440,      18.
 10043, 114.3800,  29.9040,      56.
 10044, 114.4600,  29.7370,     186.
 10045, 114.5220,  29.5040,     480.
 10046, 114.5550,  29.2280,     675.
 10047, 114.5950,  28.9870,     726.
 10048, 114.6410,  28.7650,     885.
 10049, 114.6720,  28.5640,     984.
 10050, 114.7060,  28.3920,     837.
 10051, 114.7640,  28.2180,     705.
 10052, 114.8300,  28.0550,     684.
 10053, 114.8830,  27.9320,     739.
 10054, 114.9170,  27.8370,     764.
 10055, 114.9420,  27.7500,     722.
 10056, 114.9500,  27.6660,     724.
 10057, 114.9330,  27.5930,     779.
 10058, 114.9070,  27.5190,     837.
 10059, 114.8830,  27.4340,     903.
 10060, 114.8620,  27.3380,     978.
 10061, 114.8480,  27.2380,    1055.
 10062, 114.8440,  27.1390,    1099.
 10063, 114.8440,  27.0360,    1102.
 10064, 114.8500,  26.9310,    1094.
 10065, 114.8690,  26.8250,    1096.
 10066, 114.8900,  26.7190,    1114.
 10067, 114.9100,  26.6170,    1135.
 10068, 114.9350,  26.5230,    1166.
 10069, 114.9670,  26.4400,    1233.
 10070, 115.0080,  26.3690,    1323.
 10071, 115.0740,  26.3030,    1404.
 10072, 115.1770,  26.2430,    1467.
 10073, 115.2940,  26.1880,    1499.
 10074, 115.4020,  26.1390,    1490.
 10075, 115.5180,  26.1030,    1443.
 10076, 115.6380,  26.0790,    1402.
 10077, 115.7530,  26.0720,    1416.
 10078, 115.8630,  26.0830,    1494.
 10079, 115.9710,  26.0950,    1576.
 10080, 116.0880,  26.0980,    1587.
 10081, 116.2220,  26.0970,    1531.
 10082, 116.3650,  26.1060,    1480.
 10083, 116.5050,  26.1420,    1496.
 10084, 116.6500,  26.2010,    1555.
 11000, 113.9420,  30.9070,      10.
 11041, 114.0380,  30.7750,       5.
 11042, 114.1250,  30.6470,       1.
 11043, 114.2020,  30.5320,       0.
 11044, 114.2640,  30.4170,       0.
 11045, 114.3260,  30.2990,       0.
 11046, 114.3840,  30.1860,       3.
 11047, 114.4360,  30.0730,      24.
 11048, 114.4910,  29.9260,      79.
 11049, 114.5250,  29.7610,     158.
 11050, 114.5440,  29.5480,     350.
 11051, 114.5600,  29.3040,     525.
 11052, 114.5850,  29.0920,     457.
 11053, 114.6160,  28.9230,     608.
 11054, 114.6290,  28.7870,     839.
 11055, 114.6210,  28.6810,    1075.
 11056, 114.5930,  28.5940,    1257.
 11057, 114.5510,  28.5270,    1421.
 11058, 114.4960,  28.4730,    1562.
 11059, 114.4290,  28.4240,    1660.
 11060, 114.3530,  28.3840,    1723.
 11061, 114.2720,  28.3510,    1761.
 11062, 114.1860,  28.3150,    1776.
 11063, 114.0940,  28.2710,    1771.
 11064, 113.9900,  28.2090,    1739.
 11065, 113.8790,  28.1300,    1694.
 11066, 113.7650,  28.0220,    1650.
 11067, 113.6590,  27.8930,    1637.
 11068, 113.5630,  27.7610,    1675.
 11069, 113.4860,  27.6200,    1736.
 11070, 113.4260,  27.4820,    1808.
 11071, 113.3840,  27.3570,    1862.
 11072, 113.3780,  27.2420,    1882.
 11073, 113.4100,  27.1400,    1873.
 11074, 113.4670,  27.0540,    1860.
 11075, 113.5520,  26.9970,    1850.
 11076, 113.6360,  26.9670,    1845.
 11077, 113.6960,  26.9600,    1840.
 11078, 113.7340,  26.9810,    1836.
 11079, 113.7520,  27.0110,    1816.
 11080, 113.7550,  27.0270,    1755.
 11081, 113.7430,  27.0240,    1631.
 11082, 113.7420,  27.0100,    1453.
 11083, 113.7720,  26.9990,    1288.
 11084, 113.8340,  26.9970,    1209.
 11085, 113.9210,  27.0000,    1192.
 11086, 114.0200,  27.0090,    1200.
 11087, 114.1180,  27.0280,    1253.
 11088, 114.1840,  27.0600,    1324.
 12000, 113.9420,  30.9070,      10.
 12045, 114.0250,  30.7860,       7.
 12046, 114.0920,  30.6650,       6.
 12047, 114.1470,  30.5550,       7.
 12048, 114.1910,  30.4600,      10.
 12049, 114.2300,  30.3710,      13.
 12050, 114.2630,  30.2830,      11.
 12051, 114.2820,  30.2010,       6.
 12052, 114.2870,  30.1220,       3.
 12053, 114.2730,  30.0440,       5.
 12054, 114.2400,  29.9720,      10.
 12055, 114.1990,  29.8970,      28.
 12056, 114.1530,  29.8040,      65.
 12057, 114.1000,  29.6900,     124.
 12058, 114.0500,  29.5620,     179.
 12059, 114.0110,  29.4280,     242.
 12060, 114.0010,  29.3000,     344.
 12061, 114.0130,  29.1920,     476.
 12062, 114.0170,  29.0900,     576.
 12063, 114.0060,  28.9840,     643.
 12064, 113.9800,  28.8660,     683.
 12065, 113.9480,  28.7350,     682.
 12066, 113.9110,  28.6050,     694.
 12067, 113.8680,  28.4720,     764.
 12068, 113.8240,  28.3220,     839.
 12069, 113.7870,  28.1580,     880.
 12070, 113.7710,  27.9950,     945.
 12071, 113.7750,  27.8400,    1026.
 12072, 113.7810,  27.6940,    1097.
 12073, 113.7960,  27.5700,    1161.
 12074, 113.8380,  27.4740,    1203.
 12075, 113.8920,  27.3960,    1203.
 12076, 113.9460,  27.3340,    1042.
 12077, 113.9920,  27.2780,     654.
 12078, 114.0350,  27.1950,     298.
 12079, 114.0790,  27.1150,     137.
 12080, 114.1290,  27.0530,      96.
 12081, 114.1820,  27.0300,      85.
 12082, 114.2360,  27.0350,      69.
 12083, 114.2930,  27.0550,      47.
 12084, 114.3520,  27.0880,      14.
 12085, 114.4020,  27.1220,       0.
 12086, 114.4380,  27.1510,       0.
 12087, 114.4570,  27.1770,       0.
 12088, 114.4670,  27.2010,       0.
 12089, 114.4780,  27.2240,       0.
 12090, 114.4880,  27.2460,       0.
 12091, 114.4950,  27.2700,       1.
 12092, 114.4980,  27.3020,       7.
 13000, 113.9420,  30.9070,      10.
 13049, 113.9800,  30.7880,       8.
 13050, 113.9850,  30.6670,       7.
 13051, 113.9660,  30.5550,       7.
 13052, 113.9350,  30.4430,       7.
 13053, 113.8940,  30.3210,       7.
 13054, 113.8410,  30.1910,       8.
 13055, 113.7730,  30.0620,      10.
 13056, 113.7010,  29.9310,      12.
 13057, 113.6320,  29.7800,      26.
 13058, 113.5580,  29.6030,      66.
 13059, 113.4860,  29.3940,     143.
 13060, 113.4400,  29.1780,     162.
 13061, 113.4400,  28.9750,     211.
 13062, 113.4820,  28.8020,     259.
 13063, 113.5530,  28.6760,     269.
 13064, 113.6230,  28.5700,     304.
 13065, 113.6740,  28.4610,     376.
 13066, 113.7090,  28.3560,     473.
 13067, 113.7390,  28.2360,     536.
 13068, 113.7910,  28.1120,     567.
 13069, 113.8440,  27.9880,     618.
 13070, 113.8900,  27.8650,     679.
 13071, 113.9370,  27.7530,     697.
 13072, 113.9880,  27.6450,     715.
 13073, 114.0560,  27.5370,     793.
 13074, 114.1340,  27.4420,     847.
 13075, 114.2180,  27.3630,     807.
 13076, 114.3120,  27.2820,     669.
 13077, 114.4010,  27.1710,     524.
 13078, 114.4840,  27.0490,     540.
 13079, 114.5530,  26.9660,     676.
 13080, 114.6020,  26.9210,     779.
 13081, 114.6350,  26.8970,     830.
 13082, 114.6640,  26.8880,     854.
 13083, 114.6990,  26.8960,     878.
 13084, 114.7470,  26.9190,     898.
 13085, 114.8140,  26.9520,     937.
 13086, 114.8990,  26.9870,    1005.
 13087, 114.9960,  27.0200,    1043.
 13088, 115.0880,  27.0580,    1073.
 13089, 115.1560,  27.1150,    1112.
 13090, 115.2040,  27.1840,    1095.
 13091, 115.2520,  27.2630,    1049.
 13092, 115.3060,  27.3620,    1028.
 13093, 115.3660,  27.4860,    1016.
 13094, 115.4300,  27.6210,    1014.
 13095, 115.4890,  27.7590,    1052.
 13096, 115.5390,  27.9040,    1111.
 14000, 113.9420,  30.9070,      10.
 14053, 113.9070,  30.7570,       9.
 14054, 113.8650,  30.6000,       9.
 14055, 113.8180,  30.4420,       9.
 14056, 113.7660,  30.2840,       9.
 14057, 113.7110,  30.1260,       9.
 14058, 113.6560,  29.9690,      10.
 14059, 113.5950,  29.8060,      24.
 14060, 113.5240,  29.6130,      66.
 14061, 113.4750,  29.3980,     157.
 14062, 113.4730,  29.2120,     216.
 14063, 113.5160,  29.0350,     306.
 14064, 113.5660,  28.8410,     397.
 14065, 113.6200,  28.6890,     415.
 14066, 113.6620,  28.5580,     470.
 14067, 113.6840,  28.4190,     560.
 14068, 113.7030,  28.2630,     610.
 14069, 113.7480,  28.1040,     622.
 14070, 113.8020,  27.9560,     657.
 14071, 113.8580,  27.8200,     693.
 14072, 113.9110,  27.6930,     710.
 14073, 113.9750,  27.5800,     760.
 14074, 114.0510,  27.4800,     824.
 14075, 114.1260,  27.3930,     819.
 14076, 114.2080,  27.3150,     686.
 14077, 114.3010,  27.2030,     468.
 14078, 114.3870,  27.0630,     415.
 14079, 114.4620,  26.9600,     512.
 14080, 114.5200,  26.8990,     585.
 14081, 114.5610,  26.8630,     593.
 14082, 114.5930,  26.8490,     576.
 14083, 114.6170,  26.8590,     568.
 14084, 114.6390,  26.8950,     571.
 14085, 114.6690,  26.9400,     596.
 14086, 114.7110,  26.9720,     655.
 14087, 114.7710,  26.9840,     759.
 14088, 114.8510,  27.0010,     840.
 14089, 114.9250,  27.0340,     850.
 14090, 114.9930,  27.0840,     811.
 14091, 115.0720,  27.1510,     757.
 14092, 115.1640,  27.2340,     726.
 14093, 115.2640,  27.3450,     733.
 14094, 115.3730,  27.4770,     739.
 14095, 115.4930,  27.6120,     760.
 14096, 115.6090,  27.7650,     835.
 14097, 115.7000,  27.9330,     852.
 14098, 115.7900,  28.1430,     776.
 14099, 115.8710,  28.4030,     821.
 14100, 115.8860,  28.6550,    1004.
 15000, 113.9420,  30.9070,      10.
 15057, 113.9010,  30.7200,      10.
 15058, 113.8670,  30.5410,      10.
 15059, 113.8380,  30.3750,      10.
 15060, 113.8080,  30.2190,      10.
 15061, 113.7900,  30.0800,      11.
 15062, 113.7950,  29.9700,      15.
 15063, 113.8270,  29.8770,      34.
 15064, 113.8750,  29.7900,      66.
 15065, 113.9230,  29.7050,     120.
 15066, 113.9700,  29.6260,     176.
 15067, 114.0110,  29.5540,     214.
 15068, 114.0430,  29.4830,     233.
 15069, 114.0710,  29.4070,     261.
 15070, 114.0960,  29.3220,     312.
 15071, 114.1120,  29.2260,     370.
 15072, 114.1200,  29.1230,     399.
 15073, 114.1360,  29.0320,     373.
 15074, 114.1760,  28.9580,     322.
 15075, 114.2410,  28.8760,     296.
 15076, 114.3220,  28.7800,     303.
 15077, 114.3870,  28.7010,     299.
 15078, 114.4410,  28.6390,     288.
 15079, 114.4920,  28.5830,     306.
 15080, 114.5360,  28.5310,     348.
 15081, 114.5690,  28.4890,     399.
 15082, 114.5950,  28.4580,     460.
 15083, 114.6230,  28.4310,     521.
 15084, 114.6530,  28.4050,     576.
 15085, 114.6860,  28.3790,     613.
 15086, 114.7170,  28.3460,     615.
 15087, 114.7490,  28.3030,     573.
 15088, 114.7740,  28.2580,     530.
 15089, 114.7890,  28.2180,     510.
 15090, 114.7950,  28.1820,     507.
 15091, 114.7950,  28.1560,     508.
 15092, 114.7890,  28.1460,     505.
 15093, 114.7740,  28.1450,     499.
 15094, 114.7640,  28.1530,     479.
 15095, 114.7770,  28.1700,     440.
 15096, 114.8120,  28.2020,     387.
 15097, 114.8530,  28.2510,     320.
 15098, 114.8890,  28.3120,     257.
 15099, 114.9090,  28.3790,     213.
 15100, 114.8860,  28.4530,     203.
 15101, 114.8300,  28.5530,     280.
 15102, 114.7600,  28.6860,     343.
 15103, 114.6830,  28.8590,     258.
 15104, 114.6300,  29.0550,     146.
 16000, 113.9420,  30.9070,      10.
 16061, 113.9380,  30.7550,       8.
 16062, 113.9610,  30.6260,       8.
 16063, 114.0180,  30.5230,       9.
 16064, 114.0890,  30.4380,      11.
 16065, 114.1590,  30.3590,      13.
 16066, 114.2320,  30.2820,      14.
 16067, 114.3000,  30.2080,      16.
 16068, 114.3540,  30.1350,      23.
 16069, 114.3980,  30.0550,      42.
 16070, 114.4470,  29.9620,      76.
 16071, 114.5090,  29.8670,     132.
 16072, 114.5670,  29.7840,     209.
 16073, 114.6210,  29.7110,     290.
 16074, 114.6870,  29.6330,     347.
 16075, 114.7610,  29.5440,     374.
 16076, 114.8350,  29.4640,     369.
 16077, 114.9090,  29.4100,     335.
 16078, 114.9920,  29.3890,     266.
 16079, 115.0900,  29.3710,     218.
 16080, 115.1840,  29.3390,     205.
 16081, 115.2680,  29.3000,     195.
 16082, 115.3410,  29.2620,     186.
 16083, 115.4040,  29.2230,     188.
 16084, 115.4560,  29.1860,     194.
 16085, 115.4960,  29.1570,     204.
 16086, 115.5270,  29.1410,     225.
 16087, 115.5500,  29.1380,     260.
 16088, 115.5690,  29.1430,     294.
 16089, 115.5810,  29.1530,     313.
 16090, 115.5840,  29.1690,     319.
 16091, 115.5710,  29.1970,     331.
 16092, 115.5400,  29.2390,     368.
 16093, 115.4930,  29.2920,     418.
 16094, 115.4460,  29.3660,     460.
 16095, 115.4060,  29.4700,     488.
 16096, 115.3760,  29.6020,     503.
 16097, 115.3400,  29.7470,     459.
 16098, 115.2770,  29.8980,     371.
 16099, 115.1990,  30.0700,     345.
 16100, 115.1370,  30.2520,     404.
 16101, 115.0910,  30.4540,     504.
 16102, 115.0470,  30.6940,     726.
 16103, 115.0070,  30.9470,     994.
 16104, 114.9730,  31.1980,    1144.
 16105, 114.9280,  31.4650,    1315.
 16106, 114.8590,  31.7680,    1487.
 16107, 114.7760,  32.1160,    1584.
 16108, 114.6830,  32.5270,    1633.
 17000, 113.9420,  30.9070,      10.
 17065, 114.0190,  30.8210,       7.
 17066, 114.0910,  30.7500,       1.
 17067, 114.1610,  30.6840,       0.
 17068, 114.2240,  30.6190,       0.
 17069, 114.2750,  30.5520,       2.
 17070, 114.3210,  30.4850,       4.
 17071, 114.3760,  30.4200,       6.
 17072, 114.4390,  30.3540,       6.
 17073, 114.5050,  30.2900,       6.
 17074, 114.5740,  30.2340,      11.
 17075, 114.6550,  30.1840,      28.
 17076, 114.7400,  30.1280,      59.
 17077, 114.8130,  30.0570,     104.
 17078, 114.8700,  29.9830,     165.
 17079, 114.9230,  29.9120,     235.
 17080, 114.9780,  29.8430,     313.
 17081, 115.0240,  29.7830,     379.
 17082, 115.0670,  29.7350,     411.
 17083, 115.1130,  29.6960,     419.
 17084, 115.1600,  29.6650,     424.
 17085, 115.2020,  29.6430,     426.
 17086, 115.2380,  29.6300,     421.
 17087, 115.2670,  29.6270,     419.
 17088, 115.2860,  29.6270,     428.
 17089, 115.2920,  29.6250,     455.
 17090, 115.2880,  29.6250,     503.
 17091, 115.2770,  29.6350,     558.
 17092, 115.2650,  29.6570,     606.
 17093, 115.2490,  29.6890,     650.
 17094, 115.2320,  29.7450,     687.
 17095, 115.2230,  29.8360,     699.
 17096, 115.2190,  29.9610,     640.
 17097, 115.2020,  30.1030,     562.
 17098, 115.1740,  30.2510,     574.
 17099, 115.1550,  30.4090,     716.
 17100, 115.1330,  30.5910,     954.
 17101, 115.0800,  30.8050,    1236.
 17102, 115.0160,  31.0460,    1498.
 17103, 114.9290,  31.3060,    1698.
 17104, 114.8060,  31.5960,    1874.
 17105, 114.6640,  31.8860,    1979.
 17106, 114.5160,  32.1830,    2025.
 17107, 114.3510,  32.5250,    2040.
 17108, 114.1700,  32.9300,    2096.
 17109, 113.9960,  33.3290,    2086.
 17110, 113.8630,  33.7120,    2118.
 17111, 113.7120,  34.1680,    2097.
 17112, 113.5610,  34.6470,    2038.
 18000, 113.9420,  30.9070,      10.
 18069, 114.0140,  30.8360,       9.
 18070, 114.0810,  30.7640,       9.
 18071, 114.1480,  30.6940,      10.
 18072, 114.2240,  30.6310,      10.
 18073, 114.3000,  30.5720,      11.
 18074, 114.3670,  30.5150,      16.
 18075, 114.4330,  30.4660,      22.
 18076, 114.4940,  30.4150,      25.
 18077, 114.5440,  30.3550,      28.
 18078, 114.5800,  30.2920,      30.
 18079, 114.6100,  30.2360,      32.
 18080, 114.6390,  30.1900,      38.
 18081, 114.6680,  30.1510,      47.
 18082, 114.6980,  30.1160,      60.
 18083, 114.7310,  30.0870,      70.
 18084, 114.7680,  30.0650,      74.
 18085, 114.8050,  30.0490,      75.
 18086, 114.8410,  30.0350,      75.
 18087, 114.8740,  30.0240,      75.
 18088, 114.9010,  30.0120,      76.
 18089, 114.9230,  29.9930,      80.
 18090, 114.9380,  29.9670,      87.
 18091, 114.9450,  29.9350,      97.
 18092, 114.9380,  29.8990,     113.
 18093, 114.9150,  29.8620,     133.
 18094, 114.8790,  29.8340,     155.
 18095, 114.8390,  29.8190,     182.
 18096, 114.8010,  29.8180,     214.
 18097, 114.7760,  29.8330,     245.
 18098, 114.7730,  29.8740,     264.
 18099, 114.7930,  29.9480,     271.
 18100, 114.8190,  30.0620,     275.
 18101, 114.8280,  30.2150,     296.
 18102, 114.8220,  30.4220,     332.
 18103, 114.8040,  30.6620,     409.
 18104, 114.7860,  30.9010,     461.
 18105, 114.7690,  31.1650,     471.
 18106, 114.7420,  31.4470,     591.
 18107, 114.7070,  31.7200,     723.
 18108, 114.6510,  31.9660,     788.
 18109, 114.5780,  32.2300,     809.
 18110, 114.5010,  32.5400,     820.
 18111, 114.4350,  32.9080,     859.
 18112, 114.3470,  33.3560,     868.
 18113, 114.1920,  33.7810,     891.
 18114, 114.1160,  34.1630,     979.
 18115, 114.1160,  34.5590,    1056.
 18116, 114.0320,  34.9650,     973.
 19000, 113.9420,  30.9070,      10.
 19073, 114.0050,  30.8200,      10.
 19074, 114.0530,  30.7270,      11.
 19075, 114.0940,  30.6360,      16.
 19076, 114.1330,  30.5450,      25.
 19077, 114.1630,  30.4480,      36.
 19078, 114.1760,  30.3490,      45.
 19079, 114.1820,  30.2610,      55.
 19080, 114.1930,  30.1910,      64.
 19081, 114.2080,  30.1370,      73.
 19082, 114.2270,  30.0950,      87.
 19083, 114.2470,  30.0600,     108.
 19084, 114.2720,  30.0290,     134.
 19085, 114.3010,  30.0000,     156.
 19086, 114.3260,  29.9710,     171.
 19087, 114.3460,  29.9380,     182.
 19088, 114.3560,  29.9010,     194.
 19089, 114.3530,  29.8570,     211.
 19090, 114.3400,  29.8090,     236.
 19091, 114.3190,  29.7600,     273.
 19092, 114.2900,  29.7120,     316.
 19093, 114.2570,  29.6670,     360.
 19094, 114.2410,  29.6320,     414.
 19095, 114.2670,  29.6170,     491.
 19096, 114.3310,  29.6330,     597.
 19097, 114.4060,  29.6890,     703.
 19098, 114.4750,  29.7750,     767.
 19099, 114.5370,  29.8880,     773.
 19100, 114.5820,  30.0280,     755.
 19101, 114.6030,  30.2010,     760.
 19102, 114.6070,  30.4120,     799.
 19103, 114.5870,  30.6430,     908.
 19104, 114.5560,  30.8890,     961.
 19105, 114.5300,  31.1590,    1046.
 19106, 114.4890,  31.4480,    1227.
 19107, 114.4420,  31.8020,    1378.
 19108, 114.3810,  32.1830,    1459.
 19109, 114.2950,  32.5600,    1469.
 19110, 114.2200,  32.9650,    1487.
 19111, 114.1320,  33.4000,    1473.
 19112, 114.0250,  33.8210,    1514.
 19113, 113.9980,  34.2470,    1685.
 19114, 113.9880,  34.7160,    1806.
 19115, 113.9560,  35.1870,    1770.
 19116, 113.9780,  35.7060,    1876.
 19117, 114.0360,  36.2750,    2299.
 19118, 114.0070,  36.8300,    2410.
 19119, 113.8960,  37.3410,    2561.
 19120, 113.8260,  37.8010,    2750.
 20000, 113.9420,  30.9070,      10.
 20077, 113.9410,  30.7880,      10.
 20078, 113.9350,  30.6660,      12.
 20079, 113.9370,  30.5450,      15.
 20080, 113.9480,  30.4340,      19.
 20081, 113.9670,  30.3330,      21.
 20082, 113.9940,  30.2460,      21.
 20083, 114.0190,  30.1750,      21.
 20084, 114.0400,  30.1180,      20.
 20085, 114.0570,  30.0710,      20.
 20086, 114.0690,  30.0300,      20.
 20087, 114.0750,  29.9910,      20.
 20088, 114.0740,  29.9510,      22.
 20089, 114.0620,  29.9080,      27.
 20090, 114.0450,  29.8620,      37.
 20091, 114.0230,  29.8130,      55.
 20092, 113.9990,  29.7580,      85.
 20093, 113.9660,  29.6970,     122.
 20094, 113.9340,  29.6400,     154.
 20095, 113.9230,  29.5990,     181.
 20096, 113.9330,  29.5710,     204.
 20097, 113.9580,  29.5560,     223.
 20098, 113.9890,  29.5550,     237.
 20099, 114.0240,  29.5660,     245.
 20100, 114.0600,  29.6040,     249.
 20101, 114.0930,  29.6830,     240.
 20102, 114.1250,  29.7950,     197.
 20103, 114.1530,  29.9340,     136.
 20104, 114.1690,  30.0950,      99.
 20105, 114.1750,  30.3000,      83.
 20106, 114.1780,  30.5260,      83.
 20107, 114.1820,  30.7560,      86.
 20108, 114.1780,  30.9980,     121.
 20109, 114.1800,  31.2500,     183.
 20110, 114.2000,  31.4910,     239.
 20111, 114.2220,  31.7140,     293.
 20112, 114.1900,  31.9720,     319.
 20113, 114.1100,  32.2900,     289.
 20114, 114.0650,  32.6740,     378.
 20115, 114.0350,  33.0930,     371.
 20116, 114.0290,  33.5500,     367.
 20117, 114.1150,  34.0450,     373.
 20118, 114.1430,  34.4880,     315.
 20119, 114.2660,  34.9760,     270.
 20120, 114.4710,  35.5540,     416.
 20121, 114.5750,  36.0800,     509.
 20122, 114.6720,  36.4900,     351.
 20123, 114.7610,  37.0410,     405.
 20124, 114.8450,  37.5000,     511.
END
