  1000, 113.9420,  30.9070,      10.
  1001, 113.8630,  30.8490,      11.
  1002, 113.8070,  30.7760,      13.
  1003, 113.7450,  30.7040,      16.
  1004, 113.6880,  30.6500,      17.
  1005, 113.6480,  30.6030,      17.
  1006, 113.6330,  30.5490,      17.
  1007, 113.6440,  30.4920,      14.
  1008, 113.6650,  30.4350,      11.
  1009, 113.6780,  30.3720,      10.
  1010, 113.6820,  30.3060,      10.
  1011, 113.6850,  30.2470,       6.
  1012, 113.6980,  30.2010,       0.
  1013, 113.7240,  30.1670,       0.
  1014, 113.7640,  30.1360,       0.
  1015, 113.8160,  30.1000,       0.
  1016, 113.8760,  30.0570,       0.
  1017, 113.9420,  30.0130,       0.
  1018, 114.0180,  29.9720,       2.
  1019, 114.1000,  29.9330,       9.
  1020, 114.1780,  29.8960,      22.
  1021, 114.2470,  29.8670,      34.
  1022, 114.3120,  29.8520,      43.
  1023, 114.3680,  29.8350,      56.
  1024, 114.4100,  29.8020,      82.
  1025, 114.4380,  29.7550,     124.
  1026, 114.4470,  29.7010,     168.
  1027, 114.4370,  29.6430,     209.
  1028, 114.4210,  29.5770,     268.
  1029, 114.4070,  29.5080,     331.
  1030, 114.3930,  29.4430,     351.
  1031, 114.3730,  29.3820,     335.
  1032, 114.3500,  29.3210,     320.
  1033, 114.3270,  29.2580,     318.
  1034, 114.3000,  29.1940,     317.
  1035, 114.2660,  29.1350,     327.
  1036, 114.2230,  29.0750,     356.
  1037, 114.1760,  29.0090,     400.
  1038, 114.1280,  28.9440,     452.
  1039, 114.0830,  28.8770,     512.
  1040, 114.0370,  28.8070,     571.
  1041, 113.9920,  28.7350,     603.
  1042, 113.9490,  28.6580,     614.
  1043, 113.9020,  28.5770,     622.
  1044, 113.8500,  28.4990,     627.
  1045, 113.7870,  28.4320,     631.
  1046, 113.7140,  28.3730,     640.
  1047, 113.6400,  28.2950,     652.
  1048, 113.5760,  28.1850,     642.
  2000, 113.9420,  30.9070,      10.
  2005, 113.8960,  30.8810,       9.
  2006, 113.8520,  30.8250,       8.
  2007, 113.8130,  30.7450,      10.
  2008, 113.7970,  30.6600,      15.
  2009, 113.8060,  30.5820,      18.
  2010, 113.8270,  30.5080,      18.
  2011, 113.8540,  30.4450,      17.
  2012, 113.8900,  30.3950,      13.
  2013, 113.9350,  30.3560,       3.
  2014, 113.9950,  30.3190,       0.
  2015, 114.0700,  30.2810,       0.
  2016, 114.1540,  30.2390,       0.
  2017, 114.2430,  30.1950,       0.
  2018, 114.3360,  30.1530,       1.
  2019, 114.4330,  30.1130,       8.
  2020, 114.5220,  30.0770,      22.
  2021, 114.6020,  30.0520,      40.
  2022, 114.6700,  30.0430,      58.
  2023, 114.7250,  30.0410,      76.
  2024, 114.7700,  30.0270,      95.
  2025, 114.8100,  30.0040,     111.
  2026, 114.8430,  29.9680,     123.
  2027, 114.8610,  29.9200,     131.
  2028, 114.8670,  29.8620,     139.
  2029, 114.8740,  29.7970,     139.
  2030, 114.8980,  29.7250,     130.
  2031, 114.9390,  29.6470,     126.
  2032, 114.9770,  29.5760,     128.
  2033, 114.9980,  29.5170,     124.
  2034, 115.0020,  29.4660,     118.
  2035, 114.9900,  29.4260,     116.
  2036, 114.9690,  29.3950,     117.
  2037, 114.9400,  29.3710,     121.
  2038, 114.9080,  29.3450,     127.
  2039, 114.8710,  29.3110,     133.
  2040, 114.8310,  29.2690,     129.
  2041, 114.7910,  29.2240,     114.
  2042, 114.7620,  29.1780,     104.
  2043, 114.7440,  29.1300,     107.
  2044, 114.7330,  29.0860,     120.
  2045, 114.7220,  29.0470,     137.
  2046, 114.7080,  29.0150,     157.
  2047, 114.6940,  28.9830,     178.
  2048, 114.6820,  28.9440,     194.
  2049, 114.6730,  28.8950,     207.
  2050, 114.6700,  28.8390,     226.
  2051, 114.6720,  28.7760,     263.
  2052, 114.6810,  28.7070,     303.
  3000, 113.9420,  30.9070,      10.
  3009, 113.9380,  30.8230,       6.
  3010, 113.9530,  30.7430,       6.
  3011, 113.9790,  30.6740,       3.
  3012, 114.0100,  30.6150,       0.
  3013, 114.0480,  30.5630,       0.
  3014, 114.1020,  30.5130,       0.
  3015, 114.1770,  30.4650,       0.
  3016, 114.2680,  30.4200,       0.
  3017, 114.3660,  30.3790,       0.
  3018, 114.4680,  30.3440,       0.
  3019, 114.5780,  30.3110,       0.
  3020, 114.6820,  30.2840,       0.
  3021, 114.7680,  30.2730,       1.
  3022, 114.8390,  30.2750,       2.
  3023, 114.9030,  30.2720,       2.
  3024, 114.9640,  30.2550,       2.
  3025, 115.0300,  30.2280,       2.
  3026, 115.0900,  30.1900,       1.
  3027, 115.1350,  30.1460,       0.
  3028, 115.1720,  30.0960,       0.
  3029, 115.1960,  30.0400,       1.
  3030, 115.2000,  29.9730,       5.
  3031, 115.1920,  29.8980,      17.
  3032, 115.1850,  29.8190,      47.
  3033, 115.1760,  29.7430,      93.
  3034, 115.1630,  29.6750,     120.
  3035, 115.1530,  29.6210,     136.
  3036, 115.1460,  29.5760,     149.
  3037, 115.1390,  29.5430,     164.
  3038, 115.1330,  29.5120,     178.
  3039, 115.1280,  29.4750,     192.
  3040, 115.1200,  29.4320,     210.
  3041, 115.1070,  29.3840,     229.
  3042, 115.0920,  29.3350,     243.
  3043, 115.0760,  29.2840,     252.
  3044, 115.0560,  29.2340,     260.
  3045, 115.0310,  29.1910,     267.
  3046, 115.0040,  29.1570,     272.
  3047, 114.9760,  29.1260,     279.
  3048, 114.9500,  29.0920,     297.
  3049, 114.9200,  29.0530,     328.
  3050, 114.8860,  29.0090,     372.
  3051, 114.8540,  28.9610,     429.
  3052, 114.8230,  28.9090,     477.
  3053, 114.7910,  28.8570,     490.
  3054, 114.7630,  28.8110,     480.
  3055, 114.7420,  28.7680,     489.
  3056, 114.7170,  28.7280,     468.
  4000, 113.9420,  30.9070,      10.
  4013, 113.9690,  30.8500,       0.
  4014, 114.0080,  30.7980,       0.
  4015, 114.0770,  30.7460,       0.
  4016, 114.1710,  30.6860,       0.
  4017, 114.2750,  30.6270,       0.
  4018, 114.3810,  30.5780,       0.
  4019, 114.4930,  30.5390,       0.
  4020, 114.6070,  30.5080,       0.
  4021, 114.7110,  30.4880,       0.
  4022, 114.8070,  30.4810,       0.
  4023, 114.8920,  30.4720,       0.
  4024, 114.9650,  30.4440,       0.
  4025, 115.0350,  30.4030,       0.
  4026, 115.0970,  30.3540,       0.
  4027, 115.1490,  30.2990,       0.
  4028, 115.2100,  30.2400,       0.
  4029, 115.2700,  30.1710,       2.
  4030, 115.2980,  30.0920,       4.
  4031, 115.2940,  30.0030,       6.
  4032, 115.2730,  29.9170,      16.
  4033, 115.2470,  29.8390,      44.
  4034, 115.2150,  29.7700,      82.
  4035, 115.1880,  29.7110,     113.
  4036, 115.1690,  29.6620,     138.
  4037, 115.1550,  29.6240,     161.
  4038, 115.1450,  29.5880,     183.
  4039, 115.1380,  29.5470,     202.
  4040, 115.1340,  29.5000,     226.
  4041, 115.1280,  29.4470,     255.
  4042, 115.1190,  29.3940,     272.
  4043, 115.1080,  29.3390,     278.
  4044, 115.0930,  29.2870,     280.
  4045, 115.0690,  29.2410,     284.
  4046, 115.0390,  29.2040,     287.
  4047, 115.0070,  29.1700,     294.
  4048, 114.9770,  29.1350,     308.
  4049, 114.9440,  29.0960,     329.
  4050, 114.9090,  29.0500,     357.
  4051, 114.8760,  29.0000,     410.
  4052, 114.8440,  28.9500,     473.
  4053, 114.8090,  28.9020,     491.
  4054, 114.7750,  28.8590,     460.
  4055, 114.7490,  28.8200,     427.
  4056, 114.7280,  28.7810,     383.
  4057, 114.7100,  28.7360,     296.
  4058, 114.6920,  28.6830,     185.
  4059, 114.6770,  28.6290,      98.
  4060, 114.6690,  28.5790,      37.
  5000, 113.9420,  30.9070,      10.
  5017, 114.0340,  30.8420,      10.
  5018, 114.1360,  30.7880,       9.
  5019, 114.2450,  30.7450,       9.
  5020, 114.3500,  30.7090,       8.
  5021, 114.4410,  30.6800,       8.
  5022, 114.5220,  30.6620,       7.
  5023, 114.5870,  30.6430,       6.
  5024, 114.6260,  30.6110,       2.
  5025, 114.6420,  30.5670,       0.
  5026, 114.6320,  30.5140,       0.
  5027, 114.5920,  30.4490,       1.
  5028, 114.5230,  30.3680,       4.
  5029, 114.4350,  30.2750,       9.
  5030, 114.3500,  30.1760,      13.
  5031, 114.2830,  30.0700,      18.
  5032, 114.2300,  29.9690,      30.
  5033, 114.1810,  29.8750,      58.
  5034, 114.1340,  29.7760,     114.
  5035, 114.0940,  29.6760,     184.
  5036, 114.0560,  29.5810,     236.
  5037, 114.0210,  29.4930,     283.
  5038, 113.9950,  29.3990,     337.
  5039, 113.9800,  29.2970,     384.
  5040, 113.9710,  29.1940,     463.
  5041, 113.9460,  29.0870,     569.
  5042, 113.9050,  28.9820,     677.
  5043, 113.8540,  28.8900,     758.
  5044, 113.7940,  28.8040,     812.
  5045, 113.7280,  28.7250,     875.
  5046, 113.6490,  28.6550,     953.
  5047, 113.5630,  28.5760,    1014.
  5048, 113.5000,  28.4740,    1052.
  5049, 113.4630,  28.3460,    1066.
  5050, 113.4260,  28.2210,    1054.
  5051, 113.3810,  28.1190,    1070.
  5052, 113.3350,  28.0330,    1127.
  5053, 113.2800,  27.9590,    1200.
  5054, 113.2040,  27.9000,    1273.
  5055, 113.1100,  27.8580,    1343.
  5056, 112.9900,  27.8360,    1411.
  5057, 112.8410,  27.8340,    1466.
  5058, 112.6740,  27.8420,    1499.
  5059, 112.5070,  27.8550,    1510.
  5060, 112.3430,  27.8690,    1524.
  5061, 112.1790,  27.8890,    1546.
  5062, 112.0160,  27.9190,    1574.
  5063, 111.8420,  27.9580,    1648.
  5064, 111.6390,  27.9960,    1756.
  6000, 113.9420,  30.9070,      10.
  6021, 114.0090,  30.8550,       7.
  6022, 114.0550,  30.8060,       5.
  6023, 114.0780,  30.7510,       4.
  6024, 114.0790,  30.6840,       3.
  6025, 114.0570,  30.6090,       2.
  6026, 114.0190,  30.5220,       2.
  6027, 113.9700,  30.4190,       3.
  6028, 113.9040,  30.3020,       3.
  6029, 113.8280,  30.1820,       6.
  6030, 113.7500,  30.0670,       9.
  6031, 113.6760,  29.9550,      11.
  6032, 113.6070,  29.8370,      14.
  6033, 113.5360,  29.7060,      25.
  6034, 113.4650,  29.5640,      58.
  6035, 113.4080,  29.4100,     107.
  6036, 113.3760,  29.2570,     136.
  6037, 113.3720,  29.1080,     167.
  6038, 113.3920,  28.9530,     221.
  6039, 113.4120,  28.7870,     264.
  6040, 113.4270,  28.6250,     295.
  6041, 113.4260,  28.4700,     336.
  6042, 113.4140,  28.3200,     358.
  6043, 113.3990,  28.1750,     364.
  6044, 113.3700,  28.0370,     381.
  6045, 113.3180,  27.9020,     396.
  6046, 113.2560,  27.7630,     390.
  6047, 113.1940,  27.6270,     385.
  6048, 113.1150,  27.4900,     401.
  6049, 113.0070,  27.3360,     410.
  6050, 112.8930,  27.1800,     417.
  6051, 112.7780,  27.0530,     452.
  6052, 112.6670,  26.9530,     516.
  6053, 112.5570,  26.8640,     592.
  6054, 112.4370,  26.7900,     668.
  6055, 112.2980,  26.7300,     758.
  6056, 112.1460,  26.6680,     847.
  6057, 111.9920,  26.5990,     929.
  6058, 111.8380,  26.5360,    1037.
  6059, 111.6910,  26.4960,    1162.
  6060, 111.5400,  26.4820,    1286.
  6061, 111.3510,  26.4940,    1414.
  6062, 111.0870,  26.5120,    1531.
  6063, 110.7730,  26.5300,    1562.
  6064, 110.4340,  26.5500,    1574.
  6065, 110.1160,  26.5710,    1638.
  6066, 109.8410,  26.5980,    1659.
  6067, 109.5870,  26.6290,    1709.
  6068, 109.3330,  26.6610,    1752.
  7000, 113.9420,  30.9070,      10.
  7025, 113.9290,  30.8150,       2.
  7026, 113.9010,  30.7100,       0.
  7027, 113.8670,  30.5900,       0.
  7028, 113.8220,  30.4520,       0.
  7029, 113.7600,  30.3080,       3.
  7030, 113.6890,  30.1730,       7.
  7031, 113.6220,  30.0430,      10.
  7032, 113.5560,  29.9100,      12.
  7033, 113.4850,  29.7660,      17.
  7034, 113.4160,  29.6190,      35.
  7035, 113.3590,  29.4650,      71.
  7036, 113.3250,  29.3000,     102.
  7037, 113.3200,  29.1330,     126.
  7038, 113.3440,  28.9720,     176.
  7039, 113.3730,  28.8040,     224.
  7040, 113.3940,  28.6390,     260.
  7041, 113.4000,  28.4820,     300.
  7042, 113.3940,  28.3310,     323.
  7043, 113.3870,  28.1850,     329.
  7044, 113.3690,  28.0480,     345.
  7045, 113.3310,  27.9160,     362.
  7046, 113.2810,  27.7830,     356.
  7047, 113.2310,  27.6520,     346.
  7048, 113.1670,  27.5220,     363.
  7049, 113.0740,  27.3780,     382.
  7050, 112.9670,  27.2170,     389.
  7051, 112.8630,  27.0780,     416.
  7052, 112.7580,  26.9750,     472.
  7053, 112.6550,  26.8920,     542.
  7054, 112.5500,  26.8230,     621.
  7055, 112.4220,  26.7710,     712.
  7056, 112.2690,  26.7190,     797.
  7057, 112.1110,  26.6580,     870.
  7058, 111.9490,  26.5970,     956.
  7059, 111.7920,  26.5490,    1062.
  7060, 111.6440,  26.5250,    1171.
  7061, 111.4750,  26.5350,    1286.
  7062, 111.2500,  26.5590,    1402.
  7063, 110.9770,  26.5760,    1453.
  7064, 110.6850,  26.5910,    1465.
  7065, 110.3700,  26.6120,    1476.
  7066, 110.0970,  26.6290,    1505.
  7067, 109.8540,  26.6550,    1523.
  7068, 109.6310,  26.6840,    1561.
  7069, 109.4150,  26.7210,    1577.
  7070, 109.1980,  26.7560,    1579.
  7071, 108.9740,  26.7810,    1608.
  7072, 108.7380,  26.7960,    1626.
  8000, 113.9420,  30.9070,      10.
  8029, 113.9000,  30.7710,       6.
  8030, 113.8420,  30.6230,       7.
  8031, 113.7700,  30.4700,      11.
  8032, 113.6860,  30.3130,      17.
  8033, 113.5980,  30.1510,      22.
  8034, 113.5050,  29.9770,      32.
  8035, 113.4130,  29.7940,      52.
  8036, 113.3350,  29.6100,      79.
  8037, 113.2820,  29.4110,     115.
  8038, 113.2820,  29.2160,     145.
  8039, 113.3210,  29.0330,     192.
  8040, 113.3620,  28.8400,     260.
  8041, 113.3860,  28.6420,     303.
  8042, 113.3810,  28.4610,     342.
  8043, 113.3630,  28.2860,     356.
  8044, 113.3420,  28.1270,     359.
  8045, 113.3030,  27.9820,     371.
  8046, 113.2470,  27.8400,     370.
  8047, 113.1910,  27.7010,     354.
  8048, 113.1280,  27.5650,     355.
  8049, 113.0400,  27.4190,     372.
  8050, 112.9350,  27.2600,     385.
  8051, 112.8300,  27.1210,     417.
  8052, 112.7200,  27.0160,     479.
  8053, 112.6090,  26.9310,     560.
  8054, 112.4900,  26.8580,     648.
  8055, 112.3460,  26.8020,     742.
  8056, 112.1780,  26.7440,     830.
  8057, 112.0040,  26.6780,     913.
  8058, 111.8300,  26.6210,    1011.
  8059, 111.6580,  26.5860,    1116.
  8060, 111.4790,  26.5770,    1223.
  8061, 111.2560,  26.5930,    1339.
  8062, 110.9830,  26.6130,    1391.
  8063, 110.7030,  26.6270,    1404.
  8064, 110.3980,  26.6450,    1422.
  8065, 110.1220,  26.6600,    1469.
  8066, 109.8820,  26.6880,    1485.
  8067, 109.6600,  26.7170,    1526.
  8068, 109.4390,  26.7520,    1569.
  8069, 109.2160,  26.7900,    1589.
  8070, 108.9850,  26.8200,    1616.
  8071, 108.7400,  26.8420,    1636.
  8072, 108.4930,  26.8660,    1640.
  8073, 108.2520,  26.8960,    1708.
  8074, 108.0050,  26.9200,    1835.
  8075, 107.7350,  26.9220,    1907.
  8076, 107.4270,  26.9120,    1955.
  9000, 113.9420,  30.9070,      10.
  9033, 113.8530,  30.7480,       6.
  9034, 113.7540,  30.5880,       7.
  9035, 113.6520,  30.4270,       7.
  9036, 113.5540,  30.2640,       7.
  9037, 113.4560,  30.0950,       7.
  9038, 113.3670,  29.9270,       8.
  9039, 113.3010,  29.7680,      14.
  9040, 113.2610,  29.6020,      29.
  9041, 113.2610,  29.4260,      54.
  9042, 113.3090,  29.2470,      73.
  9043, 113.3830,  29.0830,     113.
  9044, 113.4460,  28.9150,     192.
  9045, 113.4730,  28.7530,     250.
  9046, 113.4760,  28.6210,     274.
  9047, 113.4640,  28.4910,     294.
  9048, 113.4510,  28.3610,     300.
  9049, 113.4460,  28.2410,     290.
  9050, 113.4430,  28.1270,     292.
  9051, 113.4330,  28.0010,     354.
  9052, 113.4220,  27.8690,     454.
  9053, 113.4090,  27.7530,     523.
  9054, 113.3840,  27.6500,     563.
  9055, 113.3530,  27.5650,     620.
  9056, 113.3200,  27.4970,     679.
  9057, 113.2760,  27.4320,     724.
  9058, 113.2110,  27.3660,     760.
  9059, 113.1190,  27.3000,     800.
  9060, 113.0060,  27.2420,     837.
  9061, 112.8850,  27.2020,     868.
  9062, 112.7620,  27.1760,     892.
  9063, 112.6340,  27.1560,     906.
  9064, 112.4940,  27.1330,     909.
  9065, 112.3490,  27.1060,     917.
  9066, 112.1990,  27.0820,     939.
  9067, 112.0450,  27.0640,     969.
  9068, 111.8810,  27.0550,    1006.
  9069, 111.7020,  27.0530,    1062.
  9070, 111.5100,  27.0580,    1138.
  9071, 111.3180,  27.0670,    1197.
  9072, 111.1400,  27.0760,    1237.
  9073, 110.9780,  27.0870,    1291.
  9074, 110.8270,  27.1090,    1359.
  9075, 110.6760,  27.1510,    1431.
  9076, 110.5070,  27.2060,    1498.
  9077, 110.3250,  27.2650,    1555.
  9078, 110.1650,  27.3260,    1616.
  9079, 110.0200,  27.3870,    1723.
  9080, 109.8670,  27.4380,    1840.
 10000, 113.9420,  30.9070,      10.
 10037, 113.8510,  30.7500,       3.
 10038, 113.7700,  30.6000,       3.
 10039, 113.7120,  30.4640,       3.
 10040, 113.6690,  30.3370,       3.
 10041, 113.6370,  30.2160,       3.
 10042, 113.6180,  30.1040,       3.
 10043, 113.6150,  30.0000,       4.
 10044, 113.6170,  29.9020,       8.
 10045, 113.6070,  29.8080,      19.
 10046, 113.5860,  29.7090,      37.
 10047, 113.5640,  29.5930,      71.
 10048, 113.5470,  29.4500,     149.
 10049, 113.5230,  29.2840,     207.
 10050, 113.5010,  29.1220,     226.
 10051, 113.4730,  28.9430,     254.
 10052, 113.4360,  28.7570,     284.
 10053, 113.3990,  28.5840,     320.
 10054, 113.3630,  28.4370,     384.
 10055, 113.3230,  28.3180,     496.
 10056, 113.2750,  28.2120,     653.
 10057, 113.2210,  28.1130,     774.
 10058, 113.1580,  28.0180,     830.
 10059, 113.0800,  27.9270,     864.
 10060, 112.9750,  27.8420,     901.
 10061, 112.8350,  27.7680,     926.
 10062, 112.6790,  27.7090,     948.
 10063, 112.5330,  27.6690,     978.
 10064, 112.3980,  27.6500,    1011.
 10065, 112.2640,  27.6530,    1041.
 10066, 112.1300,  27.6700,    1060.
 10067, 111.9980,  27.6990,    1066.
 10068, 111.8630,  27.7360,    1056.
 10069, 111.7190,  27.7750,    1047.
 10070, 111.5730,  27.8200,    1047.
 10071, 111.4210,  27.8660,    1059.
 10072, 111.2680,  27.9030,    1097.
 10073, 111.1120,  27.9440,    1156.
 10074, 110.9600,  27.9960,    1234.
 10075, 110.8250,  28.0540,    1309.
 10076, 110.7130,  28.1290,    1399.
 10077, 110.6020,  28.2120,    1472.
 10078, 110.4900,  28.2970,    1498.
 10079, 110.3880,  28.3890,    1508.
 10080, 110.2900,  28.4830,    1534.
 10081, 110.1800,  28.5730,    1596.
 10082, 110.0540,  28.6660,    1699.
 10083, 109.9170,  28.7580,    1802.
 10084, 109.7790,  28.8410,    1870.
 11000, 113.9420,  30.9070,      10.
 11041, 113.9220,  30.7900,       7.
 11042, 113.9140,  30.6840,       6.
 11043, 113.9200,  30.5880,       6.
 11044, 113.9270,  30.4990,       7.
 11045, 113.9170,  30.4060,       9.
 11046, 113.8890,  30.3120,      11.
 11047, 113.8440,  30.2140,      14.
 11048, 113.7860,  30.1140,      16.
 11049, 113.7160,  30.0070,      16.
 11050, 113.6500,  29.9010,      19.
 11051, 113.5820,  29.7900,      29.
 11052, 113.4990,  29.6580,      61.
 11053, 113.4120,  29.4970,     128.
 11054, 113.3410,  29.3360,     178.
 11055, 113.2790,  29.1940,     199.
 11056, 113.2230,  29.0600,     236.
 11057, 113.1800,  28.9270,     293.
 11058, 113.1490,  28.7950,     352.
 11059, 113.1230,  28.6640,     401.
 11060, 113.1000,  28.5290,     440.
 11061, 113.0830,  28.3850,     473.
 11062, 113.0660,  28.2300,     486.
 11063, 113.0370,  28.0650,     493.
 11064, 112.9850,  27.8980,     514.
 11065, 112.9190,  27.7500,     526.
 11066, 112.8520,  27.6280,     540.
 11067, 112.7880,  27.5270,     558.
 11068, 112.7210,  27.4440,     576.
 11069, 112.6410,  27.3750,     596.
 11070, 112.5490,  27.3140,     613.
 11071, 112.4530,  27.2540,     626.
 11072, 112.3630,  27.1940,     634.
 11073, 112.2840,  27.1390,     639.
 11074, 112.2070,  27.0970,     644.
 11075, 112.1220,  27.0730,     658.
 11076, 112.0230,  27.0710,     699.
 11077, 111.9190,  27.0880,     777.
 11078, 111.8250,  27.1180,     879.
 11079, 111.7380,  27.1580,    1000.
 11080, 111.6550,  27.1980,    1099.
 11081, 111.5770,  27.2290,    1135.
 11082, 111.5050,  27.2480,    1114.
 11083, 111.4440,  27.2640,    1089.
 11084, 111.3920,  27.2920,    1107.
 11085, 111.3420,  27.3280,    1174.
 11086, 111.2860,  27.3630,    1233.
 11087, 111.2360,  27.3980,    1225.
 11088, 111.2020,  27.4340,    1156.
 12000, 113.9420,  30.9070,      10.
 12045, 113.9270,  30.8110,       9.
 12046, 113.8930,  30.7100,       9.
 12047, 113.8490,  30.6050,       8.
 12048, 113.8030,  30.5000,       7.
 12049, 113.7510,  30.3970,       4.
 12050, 113.6900,  30.2900,       3.
 12051, 113.6220,  30.1820,       3.
 12052, 113.5480,  30.0750,       3.
 12053, 113.4740,  29.9610,       4.
 12054, 113.4070,  29.8400,      12.
 12055, 113.3390,  29.7100,      25.
 12056, 113.2730,  29.5740,      35.
 12057, 113.2150,  29.4370,      38.
 12058, 113.1590,  29.2980,      32.
 12059, 113.1120,  29.1630,      24.
 12060, 113.0770,  29.0320,      22.
 12061, 113.0520,  28.9040,      25.
 12062, 113.0430,  28.7780,      41.
 12063, 113.0570,  28.6540,      67.
 12064, 113.0850,  28.5310,      89.
 12065, 113.1140,  28.4090,     107.
 12066, 113.1450,  28.2720,     117.
 12067, 113.1830,  28.1290,     121.
 12068, 113.2190,  27.9860,     135.
 12069, 113.2450,  27.8590,     152.
 12070, 113.2580,  27.7600,     159.
 12071, 113.2610,  27.6760,     162.
 12072, 113.2600,  27.5940,     178.
 12073, 113.2580,  27.5140,     222.
 12074, 113.2520,  27.4340,     275.
 12075, 113.2430,  27.3480,     309.
 12076, 113.2330,  27.2570,     322.
 12077, 113.2210,  27.1770,     317.
 12078, 113.2070,  27.1120,     293.
 12079, 113.1870,  27.0540,     257.
 12080, 113.1590,  27.0010,     227.
 12081, 113.1320,  26.9590,     211.
 12082, 113.1110,  26.9310,     199.
 12083, 113.0890,  26.9140,     189.
 12084, 113.0600,  26.9060,     185.
 12085, 113.0230,  26.9090,     184.
 12086, 112.9920,  26.9210,     185.
 12087, 112.9800,  26.9420,     186.
 12088, 112.9880,  26.9730,     189.
 12089, 113.0050,  27.0150,     192.
 12090, 113.0180,  27.0660,     195.
 12091, 113.0280,  27.1280,     195.
 12092, 113.0230,  27.1990,     193.
 13000, 113.9420,  30.9070,      10.
 13049, 113.8990,  30.8000,       9.
 13050, 113.8520,  30.6900,       8.
 13051, 113.8020,  30.5760,       8.
 13052, 113.7470,  30.4600,       7.
 13053, 113.6820,  30.3440,       8.
 13054, 113.6110,  30.2240,      11.
 13055, 113.5400,  30.0920,      13.
 13056, 113.4690,  29.9580,      15.
 13057, 113.3950,  29.8310,      18.
 13058, 113.3240,  29.7070,      20.
 13059, 113.2590,  29.5740,      20.
 13060, 113.2030,  29.4300,      19.
 13061, 113.1560,  29.2850,      14.
 13062, 113.1280,  29.1460,      11.
 13063, 113.1280,  29.0110,      16.
 13064, 113.1550,  28.8720,      36.
 13065, 113.2030,  28.7360,      69.
 13066, 113.2450,  28.6000,     101.
 13067, 113.2590,  28.4670,     114.
 13068, 113.2710,  28.3360,     118.
 13069, 113.2860,  28.2000,     118.
 13070, 113.2950,  28.0640,     128.
 13071, 113.3010,  27.9330,     153.
 13072, 113.3050,  27.8160,     167.
 13073, 113.3070,  27.7150,     163.
 13074, 113.3090,  27.6210,     167.
 13075, 113.3100,  27.5290,     190.
 13076, 113.3060,  27.4380,     220.
 13077, 113.2990,  27.3530,     242.
 13078, 113.2920,  27.2880,     245.
 13079, 113.2850,  27.2450,     227.
 13080, 113.2780,  27.2140,     202.
 13081, 113.2640,  27.1810,     184.
 13082, 113.2470,  27.1510,     178.
 13083, 113.2260,  27.1270,     181.
 13084, 113.1970,  27.1100,     190.
 13085, 113.1630,  27.1010,     203.
 13086, 113.1350,  27.1060,     214.
 13087, 113.1220,  27.1250,     218.
 13088, 113.1240,  27.1610,     219.
 13089, 113.1320,  27.2080,     221.
 13090, 113.1420,  27.2620,     230.
 13091, 113.1550,  27.3200,     247.
 13092, 113.1630,  27.3800,     260.
 13093, 113.1570,  27.4390,     254.
 13094, 113.1380,  27.4980,     232.
 13095, 113.1190,  27.5550,     209.
 13096, 113.1130,  27.6110,     194.
 14000, 113.9420,  30.9070,      10.
 14053, 113.8880,  30.7800,      10.
 14054, 113.8270,  30.6530,      14.
 14055, 113.7580,  30.5260,      16.
 14056, 113.6830,  30.4000,      16.
 14057, 113.6030,  30.2710,      17.
 14058, 113.5210,  30.1430,      18.
 14059, 113.4360,  30.0150,      17.
 14060, 113.3500,  29.8810,      16.
 14061, 113.2650,  29.7390,      15.
 14062, 113.1970,  29.5870,      16.
 14063, 113.1590,  29.4300,      19.
 14064, 113.1550,  29.2740,      21.
 14065, 113.1860,  29.1260,      28.
 14066, 113.2460,  28.9780,      61.
 14067, 113.3180,  28.8190,     118.
 14068, 113.3610,  28.6670,     148.
 14069, 113.3700,  28.5310,     162.
 14070, 113.3640,  28.4020,     163.
 14071, 113.3590,  28.2700,     156.
 14072, 113.3600,  28.1370,     153.
 14073, 113.3640,  28.0040,     177.
 14074, 113.3720,  27.8800,     203.
 14075, 113.3850,  27.7670,     206.
 14076, 113.3980,  27.6610,     199.
 14077, 113.4030,  27.5650,     205.
 14078, 113.4010,  27.4880,     234.
 14079, 113.3960,  27.4300,     280.
 14080, 113.3850,  27.3880,     318.
 14081, 113.3680,  27.3550,     331.
 14082, 113.3460,  27.3270,     327.
 14083, 113.3200,  27.3010,     320.
 14084, 113.2910,  27.2760,     315.
 14085, 113.2600,  27.2520,     313.
 14086, 113.2360,  27.2390,     314.
 14087, 113.2270,  27.2450,     314.
 14088, 113.2340,  27.2690,     315.
 14089, 113.2510,  27.3010,     327.
 14090, 113.2730,  27.3350,     359.
 14091, 113.2970,  27.3720,     406.
 14092, 113.3260,  27.4120,     434.
 14093, 113.3640,  27.4550,     412.
 14094, 113.4150,  27.5090,     345.
 14095, 113.4760,  27.5710,     284.
 14096, 113.5610,  27.6230,     265.
 14097, 113.6780,  27.6590,     282.
 14098, 113.8140,  27.6960,     308.
 14099, 113.9820,  27.7360,     328.
 14100, 114.1910,  27.7610,     372.
 15000, 113.9420,  30.9070,      10.
 15057, 113.8630,  30.7770,       9.
 15058, 113.7820,  30.6480,       2.
 15059, 113.6990,  30.5160,       0.
 15060, 113.6130,  30.3800,       0.
 15061, 113.5200,  30.2370,       0.
 15062, 113.4270,  30.0890,       0.
 15063, 113.3470,  29.9380,       0.
 15064, 113.2850,  29.7850,       0.
 15065, 113.2420,  29.6360,       2.
 15066, 113.2310,  29.4970,       7.
 15067, 113.2500,  29.3750,      12.
 15068, 113.2890,  29.2710,      16.
 15069, 113.3310,  29.1830,      23.
 15070, 113.3720,  29.0920,      46.
 15071, 113.4060,  28.9800,      86.
 15072, 113.4140,  28.8440,     123.
 15073, 113.3890,  28.6870,     138.
 15074, 113.3520,  28.5260,     145.
 15075, 113.3260,  28.3750,     144.
 15076, 113.3250,  28.2290,     142.
 15077, 113.3300,  28.0900,     154.
 15078, 113.3330,  27.9720,     190.
 15079, 113.3310,  27.8820,     242.
 15080, 113.3250,  27.8140,     289.
 15081, 113.3210,  27.7620,     325.
 15082, 113.3170,  27.7240,     358.
 15083, 113.3100,  27.6930,     389.
 15084, 113.3000,  27.6620,     415.
 15085, 113.2900,  27.6310,     436.
 15086, 113.2910,  27.6100,     463.
 15087, 113.3130,  27.6080,     503.
 15088, 113.3580,  27.6260,     547.
 15089, 113.4120,  27.6500,     572.
 15090, 113.4620,  27.6720,     565.
 15091, 113.5100,  27.6940,     526.
 15092, 113.5710,  27.7160,     480.
 15093, 113.6620,  27.7370,     452.
 15094, 113.7850,  27.7560,     446.
 15095, 113.9280,  27.7630,     462.
 15096, 114.0940,  27.7640,     524.
 15097, 114.2890,  27.7950,     649.
 15098, 114.4690,  27.8930,     772.
 15099, 114.6140,  28.0360,     831.
 15100, 114.7140,  28.1970,     848.
 15101, 114.7560,  28.3410,     846.
 15102, 114.7800,  28.4640,     847.
 15103, 114.8010,  28.5680,     854.
 15104, 114.8360,  28.6680,     864.
 16000, 113.9420,  30.9070,      10.
 16061, 113.8610,  30.7640,       0.
 16062, 113.7890,  30.6190,       0.
 16063, 113.7300,  30.4750,       0.
 16064, 113.6860,  30.3360,       0.
 16065, 113.6510,  30.2100,       0.
 16066, 113.6220,  30.0960,       0.
 16067, 113.6050,  29.9880,       0.
 16068, 113.5910,  29.8830,       4.
 16069, 113.5730,  29.7810,      12.
 16070, 113.5480,  29.6720,      28.
 16071, 113.5230,  29.5440,      74.
 16072, 113.4940,  29.3900,     156.
 16073, 113.4630,  29.2340,     186.
 16074, 113.4370,  29.0800,     191.
 16075, 113.4100,  28.9120,     206.
 16076, 113.3700,  28.7390,     217.
 16077, 113.3290,  28.5830,     237.
 16078, 113.2850,  28.4420,     235.
 16079, 113.2420,  28.2860,     240.
 16080, 113.2070,  28.1420,     294.
 16081, 113.1810,  28.0400,     356.
 16082, 113.1540,  27.9650,     401.
 16083, 113.1270,  27.9060,     432.
 16084, 113.1070,  27.8580,     462.
 16085, 113.0960,  27.8190,     498.
 16086, 113.1040,  27.7940,     547.
 16087, 113.1330,  27.7880,     607.
 16088, 113.1800,  27.7980,     670.
 16089, 113.2330,  27.8180,     719.
 16090, 113.2820,  27.8410,     737.
 16091, 113.3190,  27.8650,     715.
 16092, 113.3570,  27.8830,     678.
 16093, 113.4170,  27.8860,     657.
 16094, 113.5150,  27.8740,     662.
 16095, 113.6540,  27.8490,     691.
 16096, 113.8280,  27.8220,     744.
 16097, 114.0380,  27.8170,     823.
 16098, 114.2370,  27.8720,     924.
 16099, 114.3870,  27.9830,    1014.
 16100, 114.4780,  28.1200,    1059.
 16101, 114.5130,  28.2460,    1102.
 16102, 114.5460,  28.3680,    1116.
 16103, 114.5930,  28.4870,    1096.
 16104, 114.6480,  28.5940,    1097.
 16105, 114.7140,  28.6850,    1152.
 16106, 114.7770,  28.7470,    1213.
 16107, 114.8690,  28.8020,    1266.
 16108, 115.0140,  28.8710,    1292.
 17000, 113.9420,  30.9070,      10.
 17065, 113.9190,  30.7810,       3.
 17066, 113.9010,  30.6710,       2.
 17067, 113.8850,  30.5750,       2.
 17068, 113.8680,  30.4830,       2.
 17069, 113.8450,  30.3890,       2.
 17070, 113.8090,  30.2960,       2.
 17071, 113.7630,  30.2040,       2.
 17072, 113.7210,  30.1170,       2.
 17073, 113.6800,  30.0330,       2.
 17074, 113.6370,  29.9480,       2.
 17075, 113.5990,  29.8560,       3.
 17076, 113.5630,  29.7570,       7.
 17077, 113.5280,  29.6620,      21.
 17078, 113.4890,  29.5650,      49.
 17079, 113.4430,  29.4620,      73.
 17080, 113.3860,  29.3710,      74.
 17081, 113.3250,  29.3010,      65.
 17082, 113.2670,  29.2470,      59.
 17083, 113.2190,  29.2030,      59.
 17084, 113.1830,  29.1640,      60.
 17085, 113.1580,  29.1310,      63.
 17086, 113.1400,  29.0980,      65.
 17087, 113.1260,  29.0570,      66.
 17088, 113.1180,  29.0080,      67.
 17089, 113.1150,  28.9560,      68.
 17090, 113.1150,  28.9100,      72.
 17091, 113.1140,  28.8710,      79.
 17092, 113.1090,  28.8370,      83.
 17093, 113.1020,  28.8090,      77.
 17094, 113.0940,  28.7840,      60.
 17095, 113.0940,  28.7570,      50.
 17096, 113.1170,  28.7220,      60.
 17097, 113.1760,  28.6810,      93.
 17098, 113.2620,  28.6600,     130.
 17099, 113.3340,  28.6720,     150.
 17100, 113.3750,  28.7010,     142.
 17101, 113.3680,  28.7350,     126.
 17102, 113.3290,  28.7770,     114.
 17103, 113.2770,  28.8340,     101.
 17104, 113.2390,  28.8940,      85.
 17105, 113.2140,  28.9520,      72.
 17106, 113.1970,  29.0160,      60.
 17107, 113.1970,  29.1010,      55.
 17108, 113.2290,  29.2140,      60.
 17109, 113.3000,  29.3560,      76.
 17110, 113.3930,  29.4950,      82.
 17111, 113.4860,  29.6210,      77.
 17112, 113.5790,  29.7460,      64.
 18000, 113.9420,  30.9070,      10.
 18069, 113.9340,  30.8120,       6.
 18070, 113.9180,  30.7030,       6.
 18071, 113.9020,  30.5960,       6.
 18072, 113.8980,  30.4950,       6.
 18073, 113.9050,  30.4010,       6.
 18074, 113.9250,  30.3160,       5.
 18075, 113.9640,  30.2440,       5.
 18076, 114.0350,  30.1810,       5.
 18077, 114.1080,  30.1180,       6.
 18078, 114.1640,  30.0580,      10.
 18079, 114.2090,  30.0060,      17.
 18080, 114.2400,  29.9590,      27.
 18081, 114.2510,  29.9110,      45.
 18082, 114.2420,  29.8690,      75.
 18083, 114.2230,  29.8310,     106.
 18084, 114.2070,  29.7940,     130.
 18085, 114.1990,  29.7580,     147.
 18086, 114.1940,  29.7240,     161.
 18087, 114.1860,  29.6940,     171.
 18088, 114.1740,  29.6670,     178.
 18089, 114.1630,  29.6430,     182.
 18090, 114.1540,  29.6250,     184.
 18091, 114.1470,  29.6120,     184.
 18092, 114.1370,  29.6020,     186.
 18093, 114.1190,  29.5930,     190.
 18094, 114.0920,  29.5860,     198.
 18095, 114.0640,  29.5710,     222.
 18096, 114.0440,  29.5380,     261.
 18097, 114.0340,  29.4820,     314.
 18098, 114.0460,  29.4130,     399.
 18099, 114.0950,  29.3570,     509.
 18100, 114.1950,  29.3390,     667.
 18101, 114.3450,  29.3740,     836.
 18102, 114.5360,  29.4570,     938.
 18103, 114.7630,  29.5790,     972.
 18104, 114.9940,  29.6900,     904.
 18105, 115.2410,  29.7720,     792.
 18106, 115.4560,  29.8640,     678.
 18107, 115.6660,  29.9770,     607.
 18108, 115.9000,  30.1390,     703.
 18109, 116.1330,  30.3280,     874.
 18110, 116.3970,  30.5340,     996.
 18111, 116.7090,  30.7540,    1088.
 18112, 117.0440,  30.9520,    1009.
 18113, 117.3930,  31.1120,     921.
 18114, 117.7430,  31.2590,     948.
 18115, 118.0810,  31.4270,     966.
 18116, 118.3930,  31.6300,     949.
 19000, 113.9420,  30.9070,      10.
 19073, 113.9400,  30.8040,       3.
 19074, 113.9320,  30.6980,       2.
 19075, 113.9270,  30.5990,       2.
 19076, 113.9360,  30.5050,       2.
 19077, 113.9510,  30.4150,       1.
 19078, 113.9540,  30.3230,       0.
 19079, 113.9410,  30.2230,       0.
 19080, 113.9110,  30.1350,       0.
 19081, 113.8690,  30.0640,       0.
 19082, 113.8140,  30.0010,       0.
 19083, 113.7510,  29.9460,       0.
 19084, 113.6920,  29.8980,       0.
 19085, 113.6360,  29.8510,       1.
 19086, 113.5820,  29.8080,       3.
 19087, 113.5280,  29.7670,       4.
 19088, 113.4760,  29.7230,       5.
 19089, 113.4300,  29.6790,       6.
 19090, 113.3910,  29.6360,       7.
 19091, 113.3590,  29.5950,       9.
 19092, 113.3330,  29.5530,       9.
 19093, 113.3080,  29.5110,       8.
 19094, 113.2830,  29.4710,       3.
 19095, 113.2570,  29.4310,       0.
 19096, 113.2350,  29.3860,       2.
 19097, 113.2200,  29.3350,       6.
 19098, 113.2090,  29.2800,      10.
 19099, 113.1980,  29.2260,      12.
 19100, 113.1830,  29.1810,      15.
 19101, 113.1680,  29.1610,      18.
 19102, 113.1600,  29.1760,      22.
 19103, 113.1610,  29.2260,      26.
 19104, 113.1770,  29.3020,      31.
 19105, 113.2100,  29.3860,      36.
 19106, 113.2550,  29.4730,      38.
 19107, 113.3120,  29.5630,      37.
 19108, 113.3810,  29.6610,      30.
 19109, 113.4580,  29.7710,      23.
 19110, 113.5330,  29.8900,      22.
 19111, 113.5920,  30.0090,      20.
 19112, 113.6320,  30.1330,      20.
 19113, 113.6600,  30.2770,      20.
 19114, 113.6930,  30.4400,      20.
 19115, 113.7290,  30.6150,      20.
 19116, 113.7800,  30.7870,      20.
 19117, 113.8590,  30.9430,      22.
 19118, 113.9520,  31.0800,      29.
 19119, 114.0720,  31.2240,      68.
 19120, 114.2450,  31.4130,     130.
 20000, 113.9420,  30.9070,      10.
 20077, 113.9030,  30.8170,       5.
 20078, 113.8500,  30.7240,       4.
 20079, 113.7870,  30.6300,       4.
 20080, 113.7160,  30.5370,       3.
 20081, 113.6420,  30.4530,       3.
 20082, 113.5670,  30.3790,       3.
 20083, 113.4950,  30.3120,       3.
 20084, 113.4280,  30.2520,       3.
 20085, 113.3630,  30.1960,       3.
 20086, 113.3030,  30.1410,       3.
 20087, 113.2500,  30.0910,       3.
 20088, 113.2040,  30.0450,       3.
 20089, 113.1610,  30.0040,       3.
 20090, 113.1170,  29.9620,       3.
 20091, 113.0730,  29.9200,       3.
 20092, 113.0270,  29.8800,       3.
 20093, 112.9750,  29.8420,       1.
 20094, 112.9160,  29.8070,       0.
 20095, 112.8630,  29.7740,       0.
 20096, 112.8310,  29.7430,       1.
 20097, 112.8200,  29.7110,       3.
 20098, 112.8110,  29.6740,       6.
 20099, 112.7910,  29.6360,      10.
 20100, 112.7630,  29.6090,      14.
 20101, 112.7320,  29.6060,      18.
 20102, 112.6980,  29.6370,      22.
 20103, 112.6560,  29.7080,      26.
 20104, 112.6190,  29.8060,      29.
 20105, 112.6020,  29.9070,      32.
 20106, 112.6030,  30.0170,      33.
 20107, 112.6210,  30.1400,      35.
 20108, 112.6660,  30.2720,      38.
 20109, 112.7460,  30.4160,      38.
 20110, 112.8320,  30.5750,      38.
 20111, 112.8860,  30.7350,      44.
 20112, 112.9430,  30.9220,      84.
 20113, 113.0960,  31.1870,     230.
 20114, 113.3210,  31.4700,     273.
 20115, 113.5590,  31.7160,     267.
 20116, 113.8780,  31.9560,     436.
 20117, 114.2060,  32.1880,     300.
 20118, 114.5090,  32.4200,     254.
 20119, 114.8120,  32.6800,     233.
 20120, 115.1160,  32.9560,     248.
 20121, 115.3910,  33.2450,     288.
 20122, 115.6270,  33.5710,     336.
 20123, 115.8560,  33.9320,     373.
 20124, 116.0570,  34.2980,     436.
END
