  1000, 113.9460,  30.9000,      10.
  1001, 114.1740,  30.8270,      10.
  1002, 114.3920,  30.7620,      10.
  1003, 114.5950,  30.6970,      10.
  1004, 114.7770,  30.6370,      14.
  1005, 114.9400,  30.5800,      24.
  1006, 115.0890,  30.5260,      34.
  1007, 115.2270,  30.4720,      46.
  1008, 115.3690,  30.4130,      70.
  1009, 115.5220,  30.3600,     123.
  1010, 115.7010,  30.3180,     207.
  1011, 115.9100,  30.2940,     279.
  1012, 116.1200,  30.2990,     233.
  1013, 116.3230,  30.3270,     184.
  1014, 116.5220,  30.3800,     144.
  1015, 116.7100,  30.4390,     111.
  1016, 116.8850,  30.4770,     106.
  1017, 117.0550,  30.4940,      95.
  1018, 117.2000,  30.5140,      98.
  1019, 117.3160,  30.5330,     107.
  1020, 117.4120,  30.5490,     117.
  1021, 117.5060,  30.5550,     142.
  1022, 117.6020,  30.5440,     176.
  1023, 117.6870,  30.5160,     205.
  1024, 117.7580,  30.4830,     224.
  1025, 117.8290,  30.4560,     232.
  1026, 117.9010,  30.4290,     231.
  1027, 117.9700,  30.3890,     224.
  1028, 118.0350,  30.3300,     222.
  1029, 118.1050,  30.2500,     259.
  1030, 118.2240,  30.1510,     353.
  1031, 118.4460,  30.0220,     405.
  1032, 118.7260,  29.9130,     424.
  1033, 119.0290,  29.8470,     520.
  1034, 119.3430,  29.7680,     542.
  1035, 119.6480,  29.6760,     456.
  1036, 119.9930,  29.5790,     463.
  1037, 120.3780,  29.4930,     542.
  1038, 120.8250,  29.3410,     696.
  1039, 121.1670,  29.1640,     772.
  1040, 121.4470,  28.9750,     899.
  1041, 121.7020,  28.7790,    1117.
  1042, 121.9490,  28.5820,    1156.
  1043, 122.2150,  28.4000,    1304.
  1044, 122.4850,  28.2480,    1391.
  1045, 122.7130,  28.1150,    1419.
  1046, 122.9090,  27.9950,    1454.
  1047, 123.0620,  27.8770,    1445.
  1048, 123.1800,  27.7620,    1429.
  2000, 113.9460,  30.9000,      10.
  2005, 114.1120,  30.8860,      13.
  2006, 114.2710,  30.8630,      21.
  2007, 114.4120,  30.8300,      26.
  2008, 114.5340,  30.7800,      27.
  2009, 114.6610,  30.7060,      28.
  2010, 114.8120,  30.6120,      33.
  2011, 114.9820,  30.5010,      44.
  2012, 115.1690,  30.3730,      61.
  2013, 115.4020,  30.2410,      82.
  2014, 115.6530,  30.1520,     116.
  2015, 115.8980,  30.1280,     164.
  2016, 116.1110,  30.1460,     150.
  2017, 116.2960,  30.1790,     138.
  2018, 116.4660,  30.2390,     133.
  2019, 116.6150,  30.3270,     152.
  2020, 116.7510,  30.4250,     163.
  2021, 116.8740,  30.5360,     172.
  2022, 117.0000,  30.6510,     164.
  2023, 117.1530,  30.7490,     135.
  2024, 117.3620,  30.8130,     126.
  2025, 117.6230,  30.8570,     135.
  2026, 117.9010,  30.8710,     148.
  2027, 118.1900,  30.8590,     182.
  2028, 118.4500,  30.8470,     158.
  2029, 118.7450,  30.7860,     202.
  2030, 119.0030,  30.6530,     309.
  2031, 119.2580,  30.4280,     463.
  2032, 119.5560,  30.2010,     535.
  2033, 119.8660,  30.0340,     490.
  2034, 120.2040,  29.8600,     528.
  2035, 120.5880,  29.6620,     726.
  2036, 120.9950,  29.4620,     822.
  2037, 121.3750,  29.3030,     825.
  2038, 121.6020,  29.1950,     613.
  2039, 121.7270,  29.0470,     531.
  2040, 121.8220,  28.8480,     613.
  2041, 121.9870,  28.6230,     566.
  2042, 122.1480,  28.3610,     638.
  2043, 122.3160,  28.1050,     715.
  2044, 122.4980,  27.8820,     725.
  2045, 122.6640,  27.6790,     692.
  2046, 122.8110,  27.4730,     615.
  2047, 122.9580,  27.2790,     544.
  2048, 123.1020,  27.1100,     598.
  2049, 123.2290,  26.9770,     829.
  2050, 123.3460,  26.8570,    1090.
  2051, 123.4430,  26.7270,    1252.
  2052, 123.5180,  26.5970,    1428.
  3000, 113.9460,  30.9000,      10.
  3009, 114.0850,  30.8770,      13.
  3010, 114.2230,  30.8360,      16.
  3011, 114.3650,  30.7740,      18.
  3012, 114.5190,  30.6840,      22.
  3013, 114.7030,  30.5640,      30.
  3014, 114.9100,  30.4210,      47.
  3015, 115.1300,  30.2680,      84.
  3016, 115.3580,  30.1170,     104.
  3017, 115.6160,  30.0140,     130.
  3018, 115.8870,  30.0000,     141.
  3019, 116.1090,  30.0330,     130.
  3020, 116.3200,  30.1180,     122.
  3021, 116.4960,  30.2320,     142.
  3022, 116.6550,  30.3680,     171.
  3023, 116.7950,  30.5150,     196.
  3024, 116.9410,  30.6480,     208.
  3025, 117.1200,  30.7450,     172.
  3026, 117.3450,  30.8090,     148.
  3027, 117.5840,  30.8410,     146.
  3028, 117.8120,  30.8430,     144.
  3029, 118.0470,  30.8210,     184.
  3030, 118.2720,  30.7800,     199.
  3031, 118.4790,  30.7160,     226.
  3032, 118.7270,  30.5830,     311.
  3033, 119.0190,  30.3510,     462.
  3034, 119.4170,  30.1140,     533.
  3035, 119.7810,  29.9800,     477.
  3036, 120.1530,  29.8310,     486.
  3037, 120.4930,  29.6960,     557.
  3038, 120.9050,  29.5460,     686.
  3039, 121.2880,  29.4080,     837.
  3040, 121.5350,  29.2310,     793.
  3041, 121.7130,  29.0100,     800.
  3042, 121.9150,  28.7670,     752.
  3043, 122.0980,  28.4960,     831.
  3044, 122.3060,  28.2520,     935.
  3045, 122.5090,  28.0410,     907.
  3046, 122.6660,  27.8280,     857.
  3047, 122.7910,  27.6310,     777.
  3048, 122.8970,  27.4650,     632.
  3049, 122.9770,  27.3130,     529.
  3050, 123.0450,  27.1640,     500.
  3051, 123.1450,  27.0240,     539.
  3052, 123.2510,  26.8800,     600.
  3053, 123.3370,  26.7390,     585.
  3054, 123.3940,  26.6230,     565.
  3055, 123.4240,  26.5410,     562.
  3056, 123.4500,  26.4810,     579.
  4000, 113.9460,  30.9000,      10.
  4013, 114.1060,  30.8890,      12.
  4014, 114.2710,  30.8640,      16.
  4015, 114.4170,  30.8420,      16.
  4016, 114.5350,  30.8340,       8.
  4017, 114.6270,  30.8280,       0.
  4018, 114.7020,  30.8100,       0.
  4019, 114.7680,  30.7890,       0.
  4020, 114.8310,  30.7710,       3.
  4021, 114.8920,  30.7460,       7.
  4022, 114.9520,  30.7100,       9.
  4023, 115.0170,  30.6680,       9.
  4024, 115.0840,  30.6340,      10.
  4025, 115.1500,  30.6150,      11.
  4026, 115.2160,  30.6070,      14.
  4027, 115.2830,  30.6080,      18.
  4028, 115.3580,  30.6120,      33.
  4029, 115.4400,  30.6140,      70.
  4030, 115.5290,  30.6140,     122.
  4031, 115.6230,  30.6140,     172.
  4032, 115.7250,  30.6090,     227.
  4033, 115.8340,  30.6030,     294.
  4034, 115.9520,  30.6030,     351.
  4035, 116.0740,  30.6220,     394.
  4036, 116.2020,  30.6800,     463.
  4037, 116.3270,  30.7670,     558.
  4038, 116.4910,  30.8570,     630.
  4039, 116.7580,  30.9200,     596.
  4040, 117.1020,  30.9600,     461.
  4041, 117.5050,  30.9690,     470.
  4042, 117.9630,  30.8970,     494.
  4043, 118.3990,  30.7830,     571.
  4044, 118.8900,  30.6340,     938.
  4045, 119.3210,  30.4640,    1382.
  4046, 119.6760,  30.2290,    1266.
  4047, 119.9300,  29.9650,    1212.
  4048, 120.1360,  29.6690,    1304.
  4049, 120.3240,  29.3430,    1314.
  4050, 120.4620,  29.0190,    1466.
  4051, 120.5350,  28.7070,    1632.
  4052, 120.5860,  28.4050,    1678.
  4053, 120.6210,  28.1220,    1704.
  4054, 120.6970,  27.8530,    1665.
  4055, 120.7920,  27.5980,    1542.
  4056, 120.8720,  27.3720,    1481.
  4057, 120.9420,  27.1680,    1481.
  4058, 121.0130,  26.9860,    1528.
  4059, 121.0790,  26.8380,    1582.
  4060, 121.1440,  26.7260,    1716.
  5000, 113.9460,  30.9000,      10.
  5017, 114.0670,  30.9400,      14.
  5018, 114.1870,  30.9820,      29.
  5019, 114.3010,  31.0310,      64.
  5020, 114.3920,  31.0810,      85.
  5021, 114.4620,  31.1430,      91.
  5022, 114.5050,  31.2320,      93.
  5023, 114.5300,  31.3360,     102.
  5024, 114.5600,  31.4340,     131.
  5025, 114.5880,  31.5260,     166.
  5026, 114.6190,  31.5960,     171.
  5027, 114.6560,  31.6370,     155.
  5028, 114.7020,  31.6520,     135.
  5029, 114.7680,  31.6580,     115.
  5030, 114.8710,  31.6740,     101.
  5031, 115.0120,  31.6950,      99.
  5032, 115.1710,  31.7060,     113.
  5033, 115.3430,  31.7000,     149.
  5034, 115.6030,  31.6720,     307.
  5035, 115.9400,  31.6170,     365.
  5036, 116.2840,  31.5330,     345.
  5037, 116.6430,  31.4550,     288.
  5038, 117.0380,  31.3650,     232.
  5039, 117.4420,  31.2860,     220.
  5040, 117.9060,  31.2340,     211.
  5041, 118.4050,  31.1510,     240.
  5042, 118.8340,  31.0320,     314.
  5043, 119.1370,  30.9310,     351.
  5044, 119.3860,  30.8010,     620.
  5045, 119.5860,  30.6150,     804.
  5046, 119.7580,  30.3800,     900.
  5047, 119.9190,  30.1420,     857.
  5048, 120.0760,  29.8850,     932.
  5049, 120.2190,  29.6110,     917.
  5050, 120.3800,  29.2980,     922.
  5051, 120.5610,  28.9470,    1233.
  5052, 120.7540,  28.5910,    1487.
  5053, 120.9300,  28.2700,    1591.
  5054, 121.0910,  27.9910,    1677.
  5055, 121.2460,  27.7340,    1621.
  5056, 121.4010,  27.4850,    1676.
  5057, 121.5620,  27.2630,    1880.
  5058, 121.7480,  27.0810,    1949.
  5059, 121.9470,  26.9270,    1762.
  5060, 122.0980,  26.8020,    1718.
  5061, 122.2260,  26.7200,    1848.
  5062, 122.3290,  26.6910,    1961.
  5063, 122.3900,  26.6860,    1972.
  5064, 122.4100,  26.6900,    1908.
  6000, 113.9460,  30.9000,      10.
  6021, 114.0640,  30.9420,      11.
  6022, 114.1780,  30.9760,      15.
  6023, 114.2850,  31.0190,      24.
  6024, 114.3740,  31.0810,      35.
  6025, 114.4400,  31.1560,      42.
  6026, 114.4870,  31.2190,      40.
  6027, 114.5200,  31.2510,      32.
  6028, 114.5460,  31.2570,      20.
  6029, 114.5720,  31.2480,       9.
  6030, 114.6050,  31.2270,       3.
  6031, 114.6470,  31.1890,       1.
  6032, 114.7100,  31.1540,       2.
  6033, 114.8020,  31.1300,       9.
  6034, 114.9230,  31.0980,      42.
  6035, 115.0620,  31.0350,     105.
  6036, 115.1660,  30.9900,     119.
  6037, 115.2420,  30.9710,      94.
  6038, 115.3120,  30.9750,      89.
  6039, 115.3730,  31.0120,     118.
  6040, 115.4270,  31.0830,     190.
  6041, 115.5020,  31.1720,     271.
  6042, 115.6050,  31.2510,     287.
  6043, 115.6960,  31.3020,     266.
  6044, 115.7610,  31.3330,     250.
  6045, 115.8180,  31.3580,     230.
  6046, 115.8590,  31.3790,     206.
  6047, 115.8900,  31.3990,     184.
  6048, 115.9210,  31.4210,     168.
  6049, 115.9520,  31.4430,     153.
  6050, 115.9740,  31.4600,     142.
  6051, 115.9810,  31.4680,     137.
  6052, 115.9780,  31.4690,     139.
  6053, 115.9730,  31.4610,     143.
  6054, 115.9750,  31.4430,     149.
  6055, 115.9830,  31.4150,     159.
  6056, 115.9980,  31.3770,     180.
  6057, 116.0160,  31.3280,     216.
  6058, 116.0330,  31.2690,     281.
  6059, 116.0560,  31.2000,     384.
  6060, 116.0980,  31.1170,     510.
  6061, 116.1500,  31.0250,     672.
  6062, 116.2150,  30.9110,     948.
  6063, 116.3060,  30.7190,    1195.
  6064, 116.3970,  30.4830,    1337.
  6065, 116.4960,  30.2120,    1357.
  6066, 116.6190,  29.9430,    1262.
  6067, 116.7840,  29.6360,    1310.
  6068, 116.9500,  29.3380,    1345.
  7000, 113.9460,  30.9000,      10.
  7025, 114.0600,  30.9420,       9.
  7026, 114.1590,  30.9770,      10.
  7027, 114.2520,  30.9860,      13.
  7028, 114.3390,  30.9700,      12.
  7029, 114.4190,  30.9340,       5.
  7030, 114.5050,  30.8710,       0.
  7031, 114.6090,  30.7670,       0.
  7032, 114.7250,  30.6450,       3.
  7033, 114.8380,  30.5390,       9.
  7034, 114.9420,  30.4320,      14.
  7035, 115.0350,  30.3260,      28.
  7036, 115.1070,  30.2480,      50.
  7037, 115.1460,  30.2130,      64.
  7038, 115.1630,  30.2030,      70.
  7039, 115.1770,  30.1980,      79.
  7040, 115.1840,  30.1960,      94.
  7041, 115.1900,  30.1890,     111.
  7042, 115.1980,  30.1650,     126.
  7043, 115.2080,  30.1260,     140.
  7044, 115.2260,  30.0880,     157.
  7045, 115.2570,  30.0610,     174.
  7046, 115.3070,  30.0460,     187.
  7047, 115.3720,  30.0340,     194.
  7048, 115.4470,  30.0190,     196.
  7049, 115.5340,  30.0010,     197.
  7050, 115.6250,  29.9870,     203.
  7051, 115.7120,  29.9740,     207.
  7052, 115.7930,  29.9570,     194.
  7053, 115.8680,  29.9290,     178.
  7054, 115.9400,  29.8900,     164.
  7055, 116.0110,  29.8380,     156.
  7056, 116.0770,  29.7540,     166.
  7057, 116.1410,  29.6300,     219.
  7058, 116.2090,  29.5030,     316.
  7059, 116.2920,  29.3650,     400.
  7060, 116.3880,  29.2220,     408.
  7061, 116.4880,  29.0740,     414.
  7062, 116.5950,  28.9100,     451.
  7063, 116.7100,  28.7470,     516.
  7064, 116.8400,  28.5870,     589.
  7065, 116.9790,  28.4260,     648.
  7066, 117.1120,  28.2680,     722.
  7067, 117.2350,  28.1140,     884.
  7068, 117.3230,  27.9250,    1112.
  7069, 117.2990,  27.7000,    1318.
  7070, 117.2580,  27.4630,    1457.
  7071, 117.1990,  27.2220,    1491.
  7072, 117.1360,  26.9660,    1339.
  8000, 113.9460,  30.9000,      10.
  8029, 114.0550,  30.8490,       8.
  8030, 114.1560,  30.7920,       8.
  8031, 114.2530,  30.7100,       9.
  8032, 114.3430,  30.6230,      12.
  8033, 114.4170,  30.5380,      16.
  8034, 114.4820,  30.4490,      19.
  8035, 114.5520,  30.3890,      23.
  8036, 114.6270,  30.3680,      32.
  8037, 114.6830,  30.3800,      42.
  8038, 114.7190,  30.4070,      53.
  8039, 114.7520,  30.4290,      69.
  8040, 114.7870,  30.4390,      97.
  8041, 114.8240,  30.4340,     126.
  8042, 114.8580,  30.4120,     147.
  8043, 114.8900,  30.3730,     162.
  8044, 114.9260,  30.3310,     178.
  8045, 114.9730,  30.2950,     197.
  8046, 115.0350,  30.2630,     221.
  8047, 115.1030,  30.2310,     236.
  8048, 115.1760,  30.1920,     245.
  8049, 115.2550,  30.1420,     253.
  8050, 115.3360,  30.0930,     261.
  8051, 115.4140,  30.0430,     274.
  8052, 115.4900,  29.9770,     294.
  8053, 115.5640,  29.8880,     318.
  8054, 115.6330,  29.7900,     342.
  8055, 115.6960,  29.6940,     349.
  8056, 115.7760,  29.6040,     339.
  8057, 115.8760,  29.4970,     378.
  8058, 115.9720,  29.3840,     452.
  8059, 116.0620,  29.2590,     490.
  8060, 116.1600,  29.1140,     497.
  8061, 116.2470,  28.9530,     538.
  8062, 116.3380,  28.7900,     591.
  8063, 116.4360,  28.6200,     691.
  8064, 116.5350,  28.4360,     754.
  8065, 116.6360,  28.2060,     798.
  8066, 116.7340,  27.9420,     987.
  8067, 116.7320,  27.6850,    1209.
  8068, 116.6600,  27.4710,    1269.
  8069, 116.6210,  27.2540,    1245.
  8070, 116.5180,  27.0280,    1379.
  8071, 116.2670,  26.7790,    1532.
  8072, 116.0720,  26.4790,    1407.
  8073, 115.9180,  26.1740,    1367.
  8074, 115.7620,  25.9050,    1348.
  8075, 115.6120,  25.6580,    1332.
  8076, 115.4610,  25.4350,    1287.
  9000, 113.9460,  30.9000,      10.
  9033, 114.0210,  30.9270,      14.
  9034, 114.1210,  31.0070,      35.
  9035, 114.2810,  31.1330,      68.
  9036, 114.5100,  31.2620,      59.
  9037, 114.8390,  31.4090,     128.
  9038, 115.2670,  31.5130,     491.
  9039, 115.7040,  31.5350,     604.
  9040, 116.2010,  31.4690,     690.
  9041, 116.6610,  31.3480,     815.
  9042, 117.1630,  31.2220,     849.
  9043, 117.7380,  31.0500,     927.
  9044, 118.3020,  30.8790,     935.
  9045, 118.8090,  30.6900,    1238.
  9046, 119.2650,  30.4880,    1785.
  9047, 119.7030,  30.2490,    1743.
  9048, 120.0280,  29.9980,    1705.
  9049, 120.2800,  29.7160,    1641.
  9050, 120.4810,  29.4120,    1556.
  9051, 120.6640,  29.1140,    1638.
  9052, 120.8590,  28.7840,    1867.
  9053, 121.0320,  28.4680,    2019.
  9054, 121.2030,  28.1780,    2120.
  9055, 121.3840,  27.9130,    2092.
  9056, 121.5580,  27.6740,    1970.
  9057, 121.7300,  27.4600,    2003.
  9058, 121.9060,  27.2720,    1987.
  9059, 122.0740,  27.1170,    1864.
  9060, 122.1740,  26.9810,    1616.
  9061, 122.2070,  26.8430,    1509.
  9062, 122.2300,  26.7260,    1531.
  9063, 122.2500,  26.6610,    1584.
  9064, 122.2530,  26.6390,    1592.
  9065, 122.2520,  26.6370,    1539.
  9066, 122.2710,  26.6380,    1429.
  9067, 122.3200,  26.6420,    1277.
  9068, 122.3950,  26.6390,    1129.
  9069, 122.4820,  26.6250,    1023.
  9070, 122.5710,  26.6060,     973.
  9071, 122.6570,  26.6020,     952.
  9072, 122.7460,  26.6310,     918.
  9073, 122.8380,  26.6940,     894.
  9074, 122.9160,  26.7750,     956.
  9075, 122.9630,  26.8610,    1087.
  9076, 122.9830,  26.9550,    1229.
  9077, 122.9890,  27.0620,    1340.
  9078, 122.9770,  27.1750,    1455.
  9079, 122.9460,  27.2980,    1574.
  9080, 122.9110,  27.4340,    1627.
 10000, 113.9460,  30.9000,      10.
 10037, 114.0560,  31.0010,      27.
 10038, 114.1860,  31.0980,      54.
 10039, 114.3100,  31.1850,      56.
 10040, 114.4050,  31.2740,      50.
 10041, 114.4850,  31.3710,      63.
 10042, 114.5610,  31.4710,      91.
 10043, 114.6180,  31.5500,      95.
 10044, 114.6540,  31.6200,      74.
 10045, 114.6840,  31.6880,      50.
 10046, 114.7060,  31.7430,      31.
 10047, 114.7190,  31.7890,      19.
 10048, 114.7190,  31.8310,       8.
 10049, 114.7020,  31.8660,       0.
 10050, 114.6700,  31.8890,       0.
 10051, 114.6260,  31.9020,       0.
 10052, 114.5730,  31.9050,       0.
 10053, 114.5170,  31.8900,       4.
 10054, 114.4670,  31.8530,      17.
 10055, 114.4250,  31.7910,      40.
 10056, 114.3980,  31.6980,      73.
 10057, 114.3900,  31.5880,      97.
 10058, 114.4020,  31.4680,      92.
 10059, 114.4320,  31.3250,      73.
 10060, 114.4920,  31.1390,      75.
 10061, 114.6030,  30.9440,      75.
 10062, 114.7390,  30.7480,      81.
 10063, 114.9070,  30.5520,      93.
 10064, 115.1010,  30.3520,     174.
 10065, 115.3270,  30.1690,     262.
 10066, 115.5260,  30.0180,     297.
 10067, 115.6800,  29.8940,     309.
 10068, 115.7680,  29.7760,     298.
 10069, 115.8320,  29.6290,     316.
 10070, 115.8980,  29.4640,     354.
 10071, 115.9100,  29.2920,     387.
 10072, 115.8750,  29.1110,     478.
 10073, 115.8900,  28.9090,     769.
 10074, 116.0520,  28.6870,    1201.
 10075, 116.2820,  28.4770,    1278.
 10076, 116.5180,  28.2910,    1635.
 10077, 116.7580,  28.2400,    2521.
 10078, 116.8010,  28.2230,    3456.
 10079, 116.6050,  28.2420,    4257.
 10080, 116.2130,  28.2470,    4375.
 10081, 115.7510,  28.2060,    4210.
 10082, 115.1900,  28.1150,    4098.
 10083, 114.5970,  28.0090,    3922.
 10084, 113.9720,  27.8640,    3830.
 11000, 113.9460,  30.9000,      10.
 11041, 114.0140,  30.9190,      22.
 11042, 114.0720,  30.9240,      33.
 11043, 114.1240,  30.9180,      40.
 11044, 114.1830,  30.9050,      43.
 11045, 114.2530,  30.8930,      44.
 11046, 114.3280,  30.8900,      45.
 11047, 114.3990,  30.9010,      47.
 11048, 114.4610,  30.9180,      48.
 11049, 114.5110,  30.9400,      48.
 11050, 114.5460,  30.9650,      49.
 11051, 114.5700,  30.9870,      51.
 11052, 114.5830,  31.0060,      54.
 11053, 114.5950,  31.0120,      56.
 11054, 114.6110,  30.9970,      52.
 11055, 114.6390,  30.9610,      42.
 11056, 114.6790,  30.9010,      33.
 11057, 114.7320,  30.8180,      34.
 11058, 114.8090,  30.7120,      45.
 11059, 114.9120,  30.5990,      56.
 11060, 115.0410,  30.4690,      70.
 11061, 115.1790,  30.3360,     105.
 11062, 115.3320,  30.2090,     169.
 11063, 115.5090,  30.1030,     219.
 11064, 115.6700,  30.0220,     265.
 11065, 115.7920,  29.9700,     291.
 11066, 115.9040,  29.8690,     294.
 11067, 115.9900,  29.7130,     291.
 11068, 116.0430,  29.5630,     314.
 11069, 116.0720,  29.4210,     357.
 11070, 116.0870,  29.2680,     345.
 11071, 116.0580,  29.1190,     342.
 11072, 116.0150,  28.9740,     456.
 11073, 115.9990,  28.8060,     707.
 11074, 116.0770,  28.6120,     942.
 11075, 116.1910,  28.3940,     978.
 11076, 116.3200,  28.1400,    1302.
 11077, 116.4600,  27.9530,    1864.
 11078, 116.6060,  27.8110,    2282.
 11079, 116.6870,  27.7470,    2724.
 11080, 116.6520,  27.7650,    3093.
 11081, 116.4920,  27.8270,    3394.
 11082, 116.2590,  27.9030,    3679.
 11083, 115.9750,  27.9090,    3756.
 11084, 115.8070,  27.9130,    3897.
 11085, 115.7820,  27.9340,    4173.
 11086, 115.7560,  27.9490,    4451.
 11087, 115.6380,  27.9810,    4732.
 11088, 115.5250,  28.0230,    5116.
 12000, 113.9460,  30.9000,      10.
 12045, 114.0050,  30.8950,      11.
 12046, 114.0740,  30.8880,      13.
 12047, 114.1510,  30.8850,      15.
 12048, 114.2300,  30.8850,      17.
 12049, 114.3050,  30.8890,      18.
 12050, 114.3730,  30.8940,      18.
 12051, 114.4350,  30.8950,      18.
 12052, 114.4900,  30.8880,      18.
 12053, 114.5420,  30.8680,      18.
 12054, 114.6000,  30.8310,      18.
 12055, 114.6700,  30.7760,      16.
 12056, 114.7500,  30.7030,      18.
 12057, 114.8410,  30.6240,      23.
 12058, 114.9410,  30.5360,      28.
 12059, 115.0530,  30.4310,      33.
 12060, 115.1700,  30.3300,      47.
 12061, 115.2990,  30.2260,      70.
 12062, 115.4400,  30.1370,      90.
 12063, 115.5960,  30.0610,     108.
 12064, 115.7350,  30.0060,     120.
 12065, 115.8450,  29.9440,     116.
 12066, 115.9510,  29.8280,     128.
 12067, 116.0350,  29.6770,     163.
 12068, 116.0830,  29.5480,     201.
 12069, 116.1020,  29.4340,     236.
 12070, 116.0960,  29.3250,     237.
 12071, 116.0360,  29.2150,     225.
 12072, 115.9420,  29.0970,     266.
 12073, 115.8610,  28.9790,     420.
 12074, 115.8430,  28.8030,     680.
 12075, 115.9390,  28.5890,     954.
 12076, 116.0990,  28.3730,    1153.
 12077, 116.2610,  28.1480,    1424.
 12078, 116.4280,  27.9550,    1817.
 12079, 116.5950,  27.7830,    2164.
 12080, 116.6980,  27.7210,    2706.
 12081, 116.6160,  27.7750,    3206.
 12082, 116.4170,  27.8770,    3685.
 12083, 116.1350,  27.9150,    3913.
 12084, 115.9110,  27.9220,    4168.
 12085, 115.7760,  27.9040,    4363.
 12086, 115.5620,  27.8500,    4466.
 12087, 115.2650,  27.7830,    4668.
 12088, 114.8400,  27.6610,    4673.
 12089, 114.3310,  27.5160,    4561.
 12090, 113.8440,  27.3490,    4293.
 12091, 113.4480,  27.1700,    4087.
 12092, 113.1890,  27.0220,    3914.
 13000, 113.9460,  30.9000,      10.
 13049, 114.0280,  30.9150,      10.
 13050, 114.1100,  30.9270,      10.
 13051, 114.1890,  30.9340,      10.
 13052, 114.2730,  30.9340,       9.
 13053, 114.3480,  30.9260,       9.
 13054, 114.4110,  30.9020,       9.
 13055, 114.4730,  30.8590,       9.
 13056, 114.5430,  30.7970,      10.
 13057, 114.6270,  30.7250,      12.
 13058, 114.7210,  30.6430,      18.
 13059, 114.8370,  30.5500,      28.
 13060, 114.9730,  30.4410,      39.
 13061, 115.1170,  30.3240,      59.
 13062, 115.2730,  30.2050,      90.
 13063, 115.4430,  30.0960,     115.
 13064, 115.6110,  30.0030,     139.
 13065, 115.7420,  29.9360,     144.
 13066, 115.8470,  29.8540,     141.
 13067, 115.9290,  29.7230,     160.
 13068, 115.9820,  29.5930,     193.
 13069, 116.0050,  29.4870,     241.
 13070, 116.0110,  29.3770,     279.
 13071, 115.9720,  29.2470,     293.
 13072, 115.8990,  29.1040,     352.
 13073, 115.8600,  28.9520,     556.
 13074, 115.9180,  28.7440,     899.
 13075, 116.0810,  28.5340,    1112.
 13076, 116.2670,  28.3100,    1280.
 13077, 116.4680,  28.1420,    1770.
 13078, 116.6540,  28.0810,    2354.
 13079, 116.7490,  28.1180,    2936.
 13080, 116.7270,  28.1810,    3695.
 13081, 116.7160,  28.2680,    4221.
 13082, 116.7090,  28.4310,    4888.
 13083, 116.5210,  28.6170,    5522.
 13084, 116.2110,  28.6990,    5736.
 13085, 115.7400,  28.7180,    5698.
 13086, 115.2270,  28.6710,    5465.
 13087, 114.6870,  28.5600,    5199.
 13088, 114.0720,  28.3670,    4912.
 13089, 113.6080,  28.1720,    4741.
 13090, 113.3080,  27.9870,    4677.
 13091, 113.0870,  27.8210,    4674.
 13092, 112.8480,  27.6460,    4643.
 13093, 112.6330,  27.5170,    4554.
 13094, 112.4680,  27.4370,    4487.
 13095, 112.3070,  27.3780,    4487.
 13096, 112.1230,  27.3220,    4552.
 14000, 113.9460,  30.9000,      10.
 14053, 114.0100,  30.9230,       8.
 14054, 114.0770,  30.9400,       5.
 14055, 114.1460,  30.9460,       3.
 14056, 114.2170,  30.9280,       1.
 14057, 114.2920,  30.8860,       0.
 14058, 114.3630,  30.8290,       0.
 14059, 114.4510,  30.7520,       0.
 14060, 114.5600,  30.6530,       2.
 14061, 114.6710,  30.5510,       5.
 14062, 114.8120,  30.4560,      10.
 14063, 114.9520,  30.3510,      17.
 14064, 115.1090,  30.2430,      24.
 14065, 115.2790,  30.1250,      24.
 14066, 115.4400,  30.0070,      17.
 14067, 115.5810,  29.8920,      30.
 14068, 115.6720,  29.7730,      64.
 14069, 115.7270,  29.6550,      96.
 14070, 115.7830,  29.5350,     111.
 14071, 115.8080,  29.4280,     108.
 14072, 115.7780,  29.3280,     106.
 14073, 115.7000,  29.2250,     131.
 14074, 115.5910,  29.1380,     218.
 14075, 115.4670,  29.0530,     409.
 14076, 115.3860,  28.9170,     712.
 14077, 115.4380,  28.6860,    1113.
 14078, 115.5820,  28.4240,    1411.
 14079, 115.7930,  28.1980,    1627.
 14080, 116.0420,  28.0330,    1900.
 14081, 116.2900,  27.9720,    2110.
 14082, 116.5510,  27.9960,    2572.
 14083, 116.8070,  28.0420,    3035.
 14084, 116.9790,  28.1000,    3499.
 14085, 117.0700,  28.1870,    3723.
 14086, 117.1210,  28.2840,    3765.
 14087, 117.1390,  28.3610,    3781.
 14088, 117.1190,  28.4250,    3826.
 14089, 117.0670,  28.4830,    3892.
 14090, 116.9990,  28.5380,    3939.
 14091, 116.9250,  28.5930,    4000.
 14092, 116.8350,  28.6460,    4102.
 14093, 116.7200,  28.6960,    4212.
 14094, 116.5840,  28.7340,    4264.
 14095, 116.4590,  28.7630,    4320.
 14096, 116.3350,  28.7890,    4400.
 14097, 116.2140,  28.8140,    4446.
 14098, 116.1000,  28.8510,    4469.
 14099, 115.9890,  28.9130,    4500.
 14100, 115.8720,  29.0040,    4564.
 15000, 113.9460,  30.9000,      10.
 15057, 113.9520,  30.8930,       8.
 15058, 113.9360,  30.8620,       9.
 15059, 113.9200,  30.8050,       9.
 15060, 113.9010,  30.7230,       7.
 15061, 113.8590,  30.6180,       5.
 15062, 113.8270,  30.5080,       6.
 15063, 113.8280,  30.4050,       7.
 15064, 113.8420,  30.3070,       8.
 15065, 113.8660,  30.2210,       8.
 15066, 113.9090,  30.1560,       8.
 15067, 113.9700,  30.1040,       8.
 15068, 114.0500,  30.0580,       9.
 15069, 114.1480,  30.0120,      16.
 15070, 114.2790,  29.9520,      36.
 15071, 114.4250,  29.8890,      74.
 15072, 114.5550,  29.8370,     120.
 15073, 114.6700,  29.7900,     140.
 15074, 114.7480,  29.7280,     125.
 15075, 114.7820,  29.6440,     145.
 15076, 114.7960,  29.5400,     258.
 15077, 114.8460,  29.4060,     539.
 15078, 114.8990,  29.2490,     785.
 15079, 115.0130,  29.0080,    1157.
 15080, 115.2300,  28.7280,    1506.
 15081, 115.4110,  28.5130,    1879.
 15082, 115.6220,  28.4190,    2084.
 15083, 115.8390,  28.3800,    2772.
 15084, 116.0180,  28.3490,    3254.
 15085, 116.1940,  28.3390,    3553.
 15086, 116.3340,  28.3550,    3792.
 15087, 116.3910,  28.3850,    4062.
 15088, 116.3420,  28.4120,    4343.
 15089, 116.2020,  28.4510,    4608.
 15090, 116.0330,  28.5090,    4755.
 15091, 115.8380,  28.5600,    4860.
 15092, 115.6170,  28.5970,    5015.
 15093, 115.3900,  28.6200,    5149.
 15094, 115.1560,  28.6230,    5161.
 15095, 114.9360,  28.6100,    4968.
 15096, 114.7660,  28.5990,    4774.
 15097, 114.6410,  28.5930,    4712.
 15098, 114.5270,  28.5940,    4696.
 15099, 114.4100,  28.5960,    4578.
 15100, 114.3140,  28.5950,    4327.
 15101, 114.2690,  28.6100,    4056.
 15102, 114.2560,  28.6670,    3867.
 15103, 114.2530,  28.7610,    3742.
 15104, 114.2560,  28.8800,    3726.
 16000, 113.9460,  30.9000,      10.
 16061, 113.9830,  30.8050,       7.
 16062, 114.0160,  30.6880,       1.
 16063, 114.0680,  30.5700,       0.
 16064, 114.1350,  30.4530,       4.
 16065, 114.2090,  30.3450,      11.
 16066, 114.2890,  30.2450,      16.
 16067, 114.3850,  30.1550,      26.
 16068, 114.5000,  30.0740,      48.
 16069, 114.6480,  29.9990,      90.
 16070, 114.8340,  29.9420,     130.
 16071, 114.9930,  29.9060,     157.
 16072, 115.0950,  29.8750,     187.
 16073, 115.1430,  29.8510,     206.
 16074, 115.1390,  29.7960,     224.
 16075, 115.1120,  29.6650,     298.
 16076, 115.1540,  29.4930,     704.
 16077, 115.3410,  29.3350,    1340.
 16078, 115.5090,  29.1670,    1463.
 16079, 115.6610,  28.9360,    1473.
 16080, 115.8630,  28.7090,    1752.
 16081, 116.0030,  28.5300,    1962.
 16082, 116.0960,  28.3630,    2027.
 16083, 116.2200,  28.2300,    2130.
 16084, 116.3530,  28.1470,    2482.
 16085, 116.4370,  28.0660,    2978.
 16086, 116.4510,  27.9910,    3360.
 16087, 116.4770,  27.9570,    3637.
 16088, 116.4590,  27.9360,    3835.
 16089, 116.3900,  27.9110,    3958.
 16090, 116.3140,  27.8830,    4029.
 16091, 116.2490,  27.8380,    4010.
 16092, 116.2160,  27.7810,    3911.
 16093, 116.2120,  27.7310,    3783.
 16094, 116.2310,  27.6990,    3676.
 16095, 116.2650,  27.6910,    3618.
 16096, 116.3100,  27.7110,    3593.
 16097, 116.3640,  27.7570,    3592.
 16098, 116.4080,  27.8070,    3604.
 16099, 116.4290,  27.8480,    3631.
 16100, 116.4240,  27.8890,    3683.
 16101, 116.4050,  27.9360,    3742.
 16102, 116.3870,  27.9910,    3774.
 16103, 116.3730,  28.0500,    3760.
 16104, 116.3640,  28.1210,    3751.
 16105, 116.3420,  28.2220,    3816.
 16106, 116.2960,  28.3630,    3932.
 16107, 116.2130,  28.5210,    4003.
 16108, 116.1040,  28.6760,    4101.
 17000, 113.9460,  30.9000,      10.
 17065, 114.1190,  30.7830,       9.
 17066, 114.2860,  30.6840,       8.
 17067, 114.4490,  30.5810,      11.
 17068, 114.6160,  30.4810,      13.
 17069, 114.7860,  30.4110,      24.
 17070, 114.9590,  30.3610,      43.
 17071, 115.0830,  30.3140,      61.
 17072, 115.1340,  30.2660,      80.
 17073, 115.1170,  30.2210,      97.
 17074, 115.0560,  30.1650,     122.
 17075, 114.9580,  30.0690,     169.
 17076, 114.8390,  29.9200,     242.
 17077, 114.7970,  29.7640,     257.
 17078, 114.7990,  29.6420,     265.
 17079, 114.7850,  29.5150,     310.
 17080, 114.7450,  29.3780,     386.
 17081, 114.7170,  29.2940,     418.
 17082, 114.6950,  29.2550,     398.
 17083, 114.6720,  29.2350,     365.
 17084, 114.6520,  29.2060,     336.
 17085, 114.6420,  29.1760,     318.
 17086, 114.6340,  29.1490,     310.
 17087, 114.6170,  29.1220,     305.
 17088, 114.5910,  29.0930,     310.
 17089, 114.5670,  29.0610,     327.
 17090, 114.5550,  29.0240,     347.
 17091, 114.5550,  28.9790,     361.
 17092, 114.5670,  28.9290,     370.
 17093, 114.5880,  28.8840,     370.
 17094, 114.6150,  28.8480,     362.
 17095, 114.6420,  28.8150,     361.
 17096, 114.6650,  28.7800,     387.
 17097, 114.6840,  28.7430,     455.
 17098, 114.6930,  28.6960,     540.
 17099, 114.6910,  28.6320,     598.
 17100, 114.6780,  28.5520,     621.
 17101, 114.6570,  28.4710,     610.
 17102, 114.6350,  28.4030,     585.
 17103, 114.6100,  28.3490,     554.
 17104, 114.5740,  28.3050,     522.
 17105, 114.5150,  28.2580,     498.
 17106, 114.4240,  28.2070,     496.
 17107, 114.3100,  28.1540,     519.
 17108, 114.1840,  28.1010,     604.
 17109, 114.0650,  28.0530,     815.
 17110, 113.9610,  28.0130,    1046.
 17111, 113.8560,  27.9710,    1191.
 17112, 113.7430,  27.9310,    1250.
 18000, 113.9460,  30.9000,      10.
 18069, 114.0540,  30.8940,      12.
 18070, 114.1270,  30.9330,      17.
 18071, 114.1520,  30.9920,      25.
 18072, 114.1210,  31.0160,      26.
 18073, 114.0420,  30.9880,      19.
 18074, 113.9340,  30.9210,      13.
 18075, 113.8020,  30.8400,       9.
 18076, 113.6260,  30.7460,       9.
 18077, 113.4580,  30.6470,       8.
 18078, 113.3150,  30.5180,       6.
 18079, 113.1420,  30.3420,       7.
 18080, 112.9670,  30.1800,      10.
 18081, 112.8720,  30.0430,      14.
 18082, 112.8540,  29.9350,      22.
 18083, 112.8580,  29.8280,      25.
 18084, 112.8580,  29.7150,      22.
 18085, 112.8590,  29.5880,      13.
 18086, 112.8640,  29.4540,       0.
 18087, 112.8770,  29.3170,       0.
 18088, 112.8910,  29.1770,       0.
 18089, 112.8960,  29.0360,       0.
 18090, 112.8890,  28.8920,       0.
 18091, 112.8820,  28.7470,       2.
 18092, 112.8880,  28.6150,       4.
 18093, 112.9190,  28.5100,       5.
 18094, 112.9660,  28.4310,       8.
 18095, 113.0190,  28.3700,       7.
 18096, 113.0720,  28.3130,       6.
 18097, 113.1250,  28.2560,       5.
 18098, 113.1750,  28.1980,       5.
 18099, 113.2150,  28.1390,       6.
 18100, 113.2480,  28.0750,      10.
 18101, 113.2730,  28.0070,      18.
 18102, 113.2930,  27.9360,      32.
 18103, 113.3040,  27.8650,      48.
 18104, 113.3040,  27.7880,      55.
 18105, 113.2980,  27.7010,      57.
 18106, 113.2840,  27.5960,      74.
 18107, 113.2570,  27.4810,     121.
 18108, 113.2070,  27.3720,     171.
 18109, 113.1310,  27.2620,     181.
 18110, 113.0450,  27.1560,     185.
 18111, 112.9560,  27.0600,     187.
 18112, 112.8580,  26.9730,     175.
 18113, 112.7680,  26.8950,     160.
 18114, 112.7000,  26.8230,     163.
 18115, 112.6540,  26.7560,     180.
 18116, 112.6250,  26.6920,     195.
 19000, 113.9460,  30.9000,      10.
 19073, 113.9130,  30.8440,       9.
 19074, 113.8580,  30.7630,       8.
 19075, 113.7630,  30.6740,       8.
 19076, 113.6100,  30.5820,       6.
 19077, 113.4430,  30.4770,       5.
 19078, 113.2910,  30.3400,       5.
 19079, 113.1090,  30.1850,       8.
 19080, 112.9470,  30.0330,      10.
 19081, 112.8650,  29.9000,      14.
 19082, 112.8350,  29.7870,      16.
 19083, 112.8230,  29.6820,      12.
 19084, 112.8080,  29.5570,       1.
 19085, 112.7990,  29.4120,       0.
 19086, 112.8090,  29.2680,       0.
 19087, 112.8240,  29.1230,       0.
 19088, 112.8310,  28.9720,       0.
 19089, 112.8290,  28.8220,       3.
 19090, 112.8260,  28.6740,       7.
 19091, 112.8270,  28.5340,       7.
 19092, 112.8390,  28.4070,       5.
 19093, 112.8680,  28.2990,       2.
 19094, 112.9120,  28.2090,       0.
 19095, 112.9580,  28.1310,       0.
 19096, 112.9960,  28.0540,       0.
 19097, 113.0240,  27.9780,       0.
 19098, 113.0470,  27.9040,       1.
 19099, 113.0660,  27.8360,       2.
 19100, 113.0790,  27.7790,       2.
 19101, 113.0890,  27.7280,       2.
 19102, 113.0950,  27.6770,       2.
 19103, 113.0970,  27.6260,       3.
 19104, 113.0980,  27.5670,       7.
 19105, 113.0980,  27.4940,      18.
 19106, 113.0940,  27.4010,      37.
 19107, 113.0770,  27.3050,      49.
 19108, 113.0460,  27.2180,      53.
 19109, 113.0040,  27.1350,      62.
 19110, 112.9450,  27.0530,      78.
 19111, 112.8670,  26.9760,      90.
 19112, 112.7810,  26.9030,      97.
 19113, 112.7030,  26.8330,     112.
 19114, 112.6430,  26.7660,     132.
 19115, 112.6010,  26.7020,     159.
 19116, 112.5730,  26.6430,     180.
 19117, 112.5570,  26.5910,     193.
 19118, 112.5560,  26.5460,     202.
 19119, 112.5650,  26.5100,     208.
 19120, 112.5760,  26.4830,     215.
 20000, 113.9460,  30.9000,      10.
 20077, 113.7560,  30.8130,       6.
 20078, 113.6240,  30.7060,       8.
 20079, 113.5150,  30.5770,      10.
 20080, 113.3790,  30.4300,      12.
 20081, 113.2550,  30.2940,      12.
 20082, 113.1730,  30.1630,       9.
 20083, 113.1380,  30.0470,      10.
 20084, 113.1310,  29.9410,      13.
 20085, 113.1450,  29.8460,      13.
 20086, 113.1600,  29.7530,      16.
 20087, 113.1640,  29.6500,      24.
 20088, 113.1650,  29.5370,      34.
 20089, 113.1670,  29.4240,      37.
 20090, 113.1680,  29.3090,      34.
 20091, 113.1690,  29.2020,      22.
 20092, 113.1820,  29.1000,      13.
 20093, 113.2150,  28.9980,      14.
 20094, 113.2720,  28.9050,      29.
 20095, 113.3490,  28.8190,      66.
 20096, 113.4380,  28.7420,      99.
 20097, 113.5290,  28.6900,     108.
 20098, 113.6020,  28.6530,     122.
 20099, 113.6500,  28.6140,     140.
 20100, 113.6800,  28.5700,     157.
 20101, 113.6960,  28.5200,     172.
 20102, 113.7040,  28.4630,     182.
 20103, 113.7030,  28.4030,     185.
 20104, 113.7000,  28.3400,     187.
 20105, 113.7020,  28.2780,     200.
 20106, 113.7040,  28.2160,     225.
 20107, 113.6890,  28.1420,     250.
 20108, 113.6520,  28.0590,     277.
 20109, 113.5970,  27.9840,     323.
 20110, 113.5290,  27.9110,     356.
 20111, 113.4560,  27.8290,     337.
 20112, 113.3800,  27.7430,     304.
 20113, 113.3020,  27.6500,     284.
 20114, 113.2280,  27.5480,     275.
 20115, 113.1590,  27.4360,     272.
 20116, 113.0890,  27.3060,     276.
 20117, 113.0230,  27.1650,     289.
 20118, 112.9700,  27.0360,     302.
 20119, 112.9280,  26.9290,     310.
 20120, 112.8900,  26.8470,     311.
 20121, 112.8590,  26.7860,     302.
 20122, 112.8310,  26.7330,     289.
 20123, 112.8050,  26.6780,     281.
 20124, 112.7770,  26.6180,     279.
END
