  1000, 113.9420,  30.9070,      10.
  1001, 113.9460,  30.8280,       3.
  1002, 113.9280,  30.7350,       1.
  1003, 113.8980,  30.6310,       1.
  1004, 113.8620,  30.5120,       1.
  1005, 113.8110,  30.3770,       2.
  1006, 113.7430,  30.2380,       5.
  1007, 113.6710,  30.1080,      10.
  1008, 113.6060,  29.9810,      12.
  1009, 113.5410,  29.8480,      14.
  1010, 113.4700,  29.7030,      25.
  1011, 113.4030,  29.5550,      55.
  1012, 113.3520,  29.3970,      97.
  1013, 113.3260,  29.2340,     122.
  1014, 113.3280,  29.0730,     149.
  1015, 113.3510,  28.9110,     199.
  1016, 113.3720,  28.7400,     231.
  1017, 113.3870,  28.5820,     260.
  1018, 113.3880,  28.4320,     300.
  1019, 113.3850,  28.2870,     312.
  1020, 113.3810,  28.1470,     318.
  1021, 113.3640,  28.0120,     341.
  1022, 113.3250,  27.8810,     358.
  1023, 113.2780,  27.7490,     347.
  1024, 113.2320,  27.6210,     341.
  1025, 113.1680,  27.4930,     364.
  1026, 113.0720,  27.3470,     382.
  1027, 112.9630,  27.1800,     379.
  1028, 112.8620,  27.0470,     410.
  1029, 112.7580,  26.9470,     463.
  1030, 112.6630,  26.8660,     528.
  1031, 112.5660,  26.7990,     604.
  1032, 112.4480,  26.7490,     694.
  1033, 112.3060,  26.6990,     778.
  1034, 112.1600,  26.6400,     848.
  1035, 112.0070,  26.5790,     929.
  1036, 111.8540,  26.5250,    1034.
  1037, 111.7160,  26.4920,    1144.
  1038, 111.5700,  26.4910,    1253.
  1039, 111.3840,  26.5150,    1366.
  1040, 111.1460,  26.5330,    1459.
  1041, 110.8580,  26.5470,    1495.
  1042, 110.5540,  26.5650,    1485.
  1043, 110.2510,  26.5840,    1503.
  1044, 109.9940,  26.6030,    1516.
  1045, 109.7630,  26.6310,    1539.
  1046, 109.5490,  26.6650,    1558.
  1047, 109.3420,  26.7020,    1550.
  1048, 109.1370,  26.7340,    1555.
  2000, 113.9420,  30.9070,      10.
  2005, 113.9090,  30.7790,       4.
  2006, 113.8640,  30.6380,       4.
  2007, 113.8020,  30.4880,       6.
  2008, 113.7260,  30.3390,      10.
  2009, 113.6460,  30.1910,      15.
  2010, 113.5640,  30.0360,      20.
  2011, 113.4780,  29.8700,      30.
  2012, 113.3950,  29.6990,      50.
  2013, 113.3290,  29.5220,      85.
  2014, 113.2930,  29.3320,     124.
  2015, 113.3040,  29.1530,     156.
  2016, 113.3420,  28.9760,     212.
  2017, 113.3770,  28.7850,     273.
  2018, 113.3930,  28.5970,     312.
  2019, 113.3830,  28.4200,     350.
  2020, 113.3640,  28.2520,     358.
  2021, 113.3430,  28.0970,     360.
  2022, 113.3020,  27.9540,     372.
  2023, 113.2470,  27.8130,     369.
  2024, 113.1920,  27.6760,     356.
  2025, 113.1260,  27.5400,     362.
  2026, 113.0340,  27.3930,     378.
  2027, 112.9270,  27.2290,     383.
  2028, 112.8210,  27.0940,     419.
  2029, 112.7100,  26.9930,     477.
  2030, 112.6030,  26.9080,     554.
  2031, 112.4890,  26.8370,     638.
  2032, 112.3510,  26.7810,     732.
  2033, 112.1900,  26.7240,     820.
  2034, 112.0250,  26.6590,     902.
  2035, 111.8580,  26.5990,     999.
  2036, 111.6960,  26.5600,    1108.
  2037, 111.5330,  26.5460,    1220.
  2038, 111.3310,  26.5610,    1342.
  2039, 111.0680,  26.5820,    1431.
  2040, 110.7830,  26.5970,    1445.
  2041, 110.4740,  26.6150,    1453.
  2042, 110.1790,  26.6320,    1500.
  2043, 109.9250,  26.6560,    1520.
  2044, 109.6940,  26.6850,    1556.
  2045, 109.4670,  26.7180,    1598.
  2046, 109.2400,  26.7550,    1619.
  2047, 109.0040,  26.7840,    1649.
  2048, 108.7520,  26.8000,    1670.
  2049, 108.4960,  26.8180,    1672.
  2050, 108.2510,  26.8450,    1739.
  2051, 108.0010,  26.8660,    1862.
  2052, 107.7250,  26.8660,    1921.
  3000, 113.9420,  30.9070,      10.
  3009, 113.8630,  30.7490,       8.
  3010, 113.7740,  30.5890,      10.
  3011, 113.6740,  30.4270,      11.
  3012, 113.5740,  30.2600,      11.
  3013, 113.4770,  30.0890,      12.
  3014, 113.3830,  29.9180,      13.
  3015, 113.3060,  29.7530,      17.
  3016, 113.2560,  29.5850,      28.
  3017, 113.2510,  29.4110,      45.
  3018, 113.2950,  29.2480,      56.
  3019, 113.3640,  29.0970,      87.
  3020, 113.4370,  28.9380,     163.
  3021, 113.4860,  28.7770,     220.
  3022, 113.5050,  28.6470,     242.
  3023, 113.5050,  28.5370,     256.
  3024, 113.4980,  28.4330,     262.
  3025, 113.4930,  28.3320,     259.
  3026, 113.4970,  28.2450,     247.
  3027, 113.5020,  28.1620,     245.
  3028, 113.4960,  28.0620,     287.
  3029, 113.4830,  27.9430,     410.
  3030, 113.4650,  27.8250,     511.
  3031, 113.4370,  27.7210,     541.
  3032, 113.4050,  27.6320,     566.
  3033, 113.3700,  27.5540,     612.
  3034, 113.3290,  27.4820,     663.
  3035, 113.2780,  27.4150,     702.
  3036, 113.2040,  27.3470,     736.
  3037, 113.1050,  27.2810,     769.
  3038, 112.9920,  27.2260,     797.
  3039, 112.8750,  27.1860,     826.
  3040, 112.7580,  27.1580,     849.
  3041, 112.6370,  27.1350,     854.
  3042, 112.5100,  27.1080,     853.
  3043, 112.3800,  27.0780,     859.
  3044, 112.2470,  27.0510,     876.
  3045, 112.1070,  27.0320,     898.
  3046, 111.9500,  27.0230,     924.
  3047, 111.7750,  27.0220,     978.
  3048, 111.5890,  27.0260,    1042.
  3049, 111.4000,  27.0300,    1084.
  3050, 111.2230,  27.0290,    1123.
  3051, 111.0630,  27.0290,    1170.
  3052, 110.9220,  27.0360,    1210.
  3053, 110.7960,  27.0550,    1274.
  3054, 110.6670,  27.0910,    1345.
  3055, 110.5090,  27.1410,    1406.
  3056, 110.3240,  27.1950,    1470.
  4000, 113.9420,  30.9070,      10.
  4013, 113.8460,  30.7480,       4.
  4014, 113.7520,  30.5920,       4.
  4015, 113.6700,  30.4430,       4.
  4016, 113.6040,  30.3000,       4.
  4017, 113.5490,  30.1630,       4.
  4018, 113.5090,  30.0350,       4.
  4019, 113.4860,  29.9150,       6.
  4020, 113.4850,  29.7970,      14.
  4021, 113.4930,  29.6780,      35.
  4022, 113.4940,  29.5480,      84.
  4023, 113.4840,  29.3870,     165.
  4024, 113.4700,  29.2060,     212.
  4025, 113.4650,  29.0170,     257.
  4026, 113.4460,  28.7990,     284.
  4027, 113.4130,  28.5910,     272.
  4028, 113.3900,  28.4060,     290.
  4029, 113.3800,  28.2340,     316.
  4030, 113.3660,  28.0820,     378.
  4031, 113.3370,  27.9560,     452.
  4032, 113.2960,  27.8500,     529.
  4033, 113.2500,  27.7610,     617.
  4034, 113.2010,  27.6790,     686.
  4035, 113.1490,  27.6040,     728.
  4036, 113.0870,  27.5310,     755.
  4037, 113.0050,  27.4610,     781.
  4038, 112.8980,  27.4010,     805.
  4039, 112.7770,  27.3560,     834.
  4040, 112.6580,  27.3230,     869.
  4041, 112.5310,  27.2970,     891.
  4042, 112.3900,  27.2700,     895.
  4043, 112.2380,  27.2420,     897.
  4044, 112.0830,  27.2140,     902.
  4045, 111.9270,  27.1890,     909.
  4046, 111.7650,  27.1710,     934.
  4047, 111.5960,  27.1620,    1000.
  4048, 111.4260,  27.1590,    1069.
  4049, 111.2660,  27.1600,    1110.
  4050, 111.1170,  27.1590,    1144.
  4051, 110.9820,  27.1640,    1192.
  4052, 110.8570,  27.1920,    1245.
  4053, 110.7280,  27.2510,    1290.
  4054, 110.5840,  27.3260,    1327.
  4055, 110.4320,  27.3980,    1375.
  4056, 110.3000,  27.4640,    1425.
  4057, 110.1830,  27.5280,    1493.
  4058, 110.0640,  27.5930,    1576.
  4059, 109.9400,  27.6560,    1647.
  4060, 109.8180,  27.7240,    1723.
  5000, 113.9420,  30.9070,      10.
  5017, 113.9060,  30.7790,       5.
  5018, 113.8880,  30.6660,       5.
  5019, 113.8850,  30.5630,       5.
  5020, 113.8960,  30.4710,       5.
  5021, 113.9060,  30.3820,       5.
  5022, 113.8990,  30.2920,       7.
  5023, 113.8740,  30.2030,       9.
  5024, 113.8310,  30.1140,      13.
  5025, 113.7730,  30.0200,      17.
  5026, 113.7140,  29.9200,      19.
  5027, 113.6630,  29.8170,      25.
  5028, 113.6010,  29.7060,      39.
  5029, 113.5220,  29.5710,      88.
  5030, 113.4390,  29.4120,     155.
  5031, 113.3700,  29.2580,     175.
  5032, 113.3100,  29.1280,     171.
  5033, 113.2560,  29.0020,     203.
  5034, 113.2150,  28.8730,     260.
  5035, 113.1840,  28.7450,     323.
  5036, 113.1580,  28.6170,     374.
  5037, 113.1330,  28.4830,     408.
  5038, 113.1140,  28.3410,     437.
  5039, 113.0990,  28.1880,     450.
  5040, 113.0730,  28.0290,     468.
  5041, 113.0280,  27.8670,     489.
  5042, 112.9730,  27.7160,     496.
  5043, 112.9170,  27.5870,     509.
  5044, 112.8630,  27.4780,     528.
  5045, 112.8020,  27.3870,     552.
  5046, 112.7320,  27.3200,     574.
  5047, 112.6540,  27.2630,     588.
  5048, 112.5740,  27.2040,     602.
  5049, 112.4980,  27.1390,     617.
  5050, 112.4310,  27.0740,     630.
  5051, 112.3690,  27.0230,     638.
  5052, 112.3070,  26.9920,     640.
  5053, 112.2380,  26.9750,     650.
  5054, 112.1650,  26.9730,     686.
  5055, 112.0920,  26.9950,     766.
  5056, 112.0240,  27.0390,     900.
  5057, 111.9530,  27.0840,    1042.
  5058, 111.8780,  27.1190,    1138.
  5059, 111.8030,  27.1470,    1186.
  5060, 111.7320,  27.1730,    1214.
  5061, 111.6680,  27.2010,    1246.
  5062, 111.6100,  27.2310,    1288.
  5063, 111.5590,  27.2650,    1344.
  5064, 111.5070,  27.3010,    1403.
  6000, 113.9420,  30.9070,      10.
  6021, 113.9410,  30.8150,      10.
  6022, 113.9230,  30.7160,      10.
  6023, 113.8880,  30.6140,      10.
  6024, 113.8430,  30.5080,      10.
  6025, 113.7950,  30.4040,       9.
  6026, 113.7360,  30.2990,       8.
  6027, 113.6700,  30.1910,       8.
  6028, 113.6000,  30.0850,       8.
  6029, 113.5240,  29.9800,       8.
  6030, 113.4510,  29.8680,      15.
  6031, 113.3770,  29.7380,      30.
  6032, 113.3040,  29.5980,      45.
  6033, 113.2390,  29.4590,      52.
  6034, 113.1810,  29.3180,      53.
  6035, 113.1280,  29.1770,      48.
  6036, 113.0860,  29.0390,      45.
  6037, 113.0580,  28.9040,      51.
  6038, 113.0380,  28.7710,      71.
  6039, 113.0360,  28.6410,      93.
  6040, 113.0550,  28.5140,     110.
  6041, 113.0800,  28.3830,     128.
  6042, 113.1100,  28.2370,     136.
  6043, 113.1410,  28.0850,     141.
  6044, 113.1760,  27.9350,     155.
  6045, 113.2100,  27.8060,     168.
  6046, 113.2320,  27.7040,     176.
  6047, 113.2340,  27.6170,     190.
  6048, 113.2260,  27.5330,     219.
  6049, 113.2140,  27.4490,     262.
  6050, 113.2000,  27.3590,     296.
  6051, 113.1870,  27.2630,     312.
  6052, 113.1740,  27.1680,     317.
  6053, 113.1640,  27.0820,     322.
  6054, 113.1540,  27.0100,     318.
  6055, 113.1370,  26.9500,     308.
  6056, 113.1120,  26.9000,     306.
  6057, 113.0850,  26.8600,     316.
  6058, 113.0650,  26.8300,     333.
  6059, 113.0500,  26.8080,     353.
  6060, 113.0380,  26.7950,     371.
  6061, 113.0230,  26.7900,     382.
  6062, 113.0040,  26.7950,     384.
  6063, 112.9890,  26.8100,     385.
  6064, 112.9900,  26.8380,     386.
  6065, 113.0080,  26.8800,     386.
  6066, 113.0350,  26.9340,     389.
  6067, 113.0620,  26.9990,     397.
  6068, 113.0870,  27.0730,     407.
  7000, 113.9420,  30.9070,      10.
  7025, 113.9020,  30.8020,       9.
  7026, 113.8560,  30.6960,       8.
  7027, 113.8080,  30.5890,       7.
  7028, 113.7570,  30.4780,       6.
  7029, 113.6960,  30.3650,       5.
  7030, 113.6260,  30.2500,       6.
  7031, 113.5540,  30.1290,       8.
  7032, 113.4870,  29.9970,       9.
  7033, 113.4190,  29.8660,      12.
  7034, 113.3480,  29.7410,      18.
  7035, 113.2820,  29.6130,      21.
  7036, 113.2250,  29.4750,      21.
  7037, 113.1740,  29.3320,      17.
  7038, 113.1320,  29.1940,      11.
  7039, 113.1100,  29.0600,      10.
  7040, 113.1130,  28.9290,      19.
  7041, 113.1420,  28.7970,      43.
  7042, 113.1870,  28.6670,      75.
  7043, 113.2170,  28.5380,      98.
  7044, 113.2320,  28.4120,     106.
  7045, 113.2510,  28.2780,     108.
  7046, 113.2690,  28.1380,     112.
  7047, 113.2810,  28.0020,     128.
  7048, 113.2880,  27.8770,     150.
  7049, 113.2920,  27.7710,     154.
  7050, 113.2930,  27.6790,     148.
  7051, 113.2940,  27.5900,     158.
  7052, 113.2940,  27.5020,     188.
  7053, 113.2890,  27.4130,     218.
  7054, 113.2830,  27.3300,     233.
  7055, 113.2760,  27.2670,     228.
  7056, 113.2700,  27.2240,     202.
  7057, 113.2630,  27.1880,     173.
  7058, 113.2500,  27.1530,     154.
  7059, 113.2350,  27.1230,     147.
  7060, 113.2140,  27.1010,     151.
  7061, 113.1850,  27.0860,     162.
  7062, 113.1490,  27.0790,     179.
  7063, 113.1190,  27.0840,     192.
  7064, 113.1060,  27.1040,     199.
  7065, 113.1070,  27.1400,     202.
  7066, 113.1140,  27.1860,     205.
  7067, 113.1230,  27.2410,     213.
  7068, 113.1340,  27.3020,     228.
  7069, 113.1390,  27.3640,     239.
  7070, 113.1280,  27.4260,     234.
  7071, 113.1040,  27.4860,     216.
  7072, 113.0790,  27.5440,     199.
  8000, 113.9420,  30.9070,      10.
  8029, 113.8930,  30.7830,       8.
  8030, 113.8380,  30.6570,       9.
  8031, 113.7760,  30.5350,      11.
  8032, 113.7080,  30.4130,      13.
  8033, 113.6310,  30.2860,      17.
  8034, 113.5510,  30.1550,      18.
  8035, 113.4710,  30.0300,      18.
  8036, 113.3890,  29.9050,      17.
  8037, 113.3070,  29.7730,      16.
  8038, 113.2320,  29.6290,      15.
  8039, 113.1770,  29.4750,      16.
  8040, 113.1510,  29.3220,      17.
  8041, 113.1600,  29.1730,      18.
  8042, 113.1990,  29.0260,      36.
  8043, 113.2640,  28.8750,      79.
  8044, 113.3260,  28.7240,     125.
  8045, 113.3550,  28.5840,     148.
  8046, 113.3580,  28.4550,     157.
  8047, 113.3550,  28.3280,     156.
  8048, 113.3540,  28.1970,     148.
  8049, 113.3560,  28.0660,     159.
  8050, 113.3620,  27.9370,     192.
  8051, 113.3690,  27.8170,     207.
  8052, 113.3810,  27.7080,     205.
  8053, 113.3890,  27.6030,     205.
  8054, 113.3890,  27.5080,     220.
  8055, 113.3830,  27.4330,     254.
  8056, 113.3750,  27.3800,     291.
  8057, 113.3620,  27.3410,     315.
  8058, 113.3440,  27.3090,     320.
  8059, 113.3200,  27.2800,     315.
  8060, 113.2920,  27.2520,     310.
  8061, 113.2630,  27.2260,     309.
  8062, 113.2330,  27.2060,     313.
  8063, 113.2100,  27.1980,     319.
  8064, 113.2030,  27.2090,     322.
  8065, 113.2110,  27.2360,     323.
  8066, 113.2280,  27.2720,     331.
  8067, 113.2490,  27.3090,     360.
  8068, 113.2740,  27.3470,     408.
  8069, 113.3000,  27.3880,     437.
  8070, 113.3340,  27.4330,     417.
  8071, 113.3770,  27.4860,     353.
  8072, 113.4290,  27.5480,     289.
  8073, 113.5060,  27.6030,     266.
  8074, 113.6190,  27.6440,     278.
  8075, 113.7450,  27.6850,     296.
  8076, 113.8920,  27.7380,     310.
  9000, 113.9420,  30.9070,      10.
  9033, 113.8680,  30.7780,      15.
  9034, 113.7900,  30.6450,      14.
  9035, 113.7080,  30.5170,       6.
  9036, 113.6220,  30.3870,       0.
  9037, 113.5350,  30.2510,       0.
  9038, 113.4400,  30.1090,       0.
  9039, 113.3480,  29.9610,       0.
  9040, 113.2740,  29.8090,       0.
  9041, 113.2190,  29.6550,       1.
  9042, 113.1940,  29.5050,       4.
  9043, 113.2020,  29.3710,       8.
  9044, 113.2390,  29.2590,      10.
  9045, 113.2900,  29.1660,      17.
  9046, 113.3410,  29.0680,      43.
  9047, 113.3870,  28.9510,      88.
  9048, 113.4060,  28.8180,     122.
  9049, 113.3950,  28.6720,     135.
  9050, 113.3630,  28.5180,     140.
  9051, 113.3350,  28.3630,     138.
  9052, 113.3320,  28.2140,     134.
  9053, 113.3430,  28.0740,     144.
  9054, 113.3560,  27.9510,     166.
  9055, 113.3630,  27.8530,     189.
  9056, 113.3640,  27.7800,     206.
  9057, 113.3630,  27.7240,     224.
  9058, 113.3620,  27.6800,     244.
  9059, 113.3590,  27.6480,     261.
  9060, 113.3500,  27.6230,     273.
  9061, 113.3320,  27.5990,     284.
  9062, 113.3070,  27.5750,     296.
  9063, 113.2880,  27.5590,     309.
  9064, 113.2870,  27.5590,     327.
  9065, 113.3060,  27.5750,     359.
  9066, 113.3360,  27.5980,     396.
  9067, 113.3660,  27.6220,     419.
  9068, 113.3950,  27.6470,     423.
  9069, 113.4320,  27.6730,     406.
  9070, 113.4930,  27.7020,     378.
  9071, 113.5800,  27.7350,     360.
  9072, 113.6990,  27.7650,     368.
  9073, 113.8480,  27.7810,     404.
  9074, 114.0420,  27.7790,     476.
  9075, 114.2540,  27.8060,     589.
  9076, 114.4340,  27.8970,     677.
  9077, 114.5760,  28.0390,     707.
  9078, 114.6670,  28.1920,     693.
  9079, 114.7100,  28.3250,     648.
  9080, 114.7320,  28.4280,     596.
 10000, 113.9420,  30.9070,      10.
 10037, 113.8580,  30.7670,       0.
 10038, 113.7770,  30.6250,       0.
 10039, 113.7000,  30.4800,       0.
 10040, 113.6360,  30.3360,       0.
 10041, 113.5800,  30.1950,       0.
 10042, 113.5320,  30.0600,       0.
 10043, 113.4950,  29.9310,       0.
 10044, 113.4820,  29.8090,       3.
 10045, 113.4790,  29.6960,      11.
 10046, 113.4720,  29.5810,      39.
 10047, 113.4650,  29.4370,     108.
 10048, 113.4480,  29.2730,     166.
 10049, 113.4330,  29.1110,     186.
 10050, 113.4110,  28.9250,     229.
 10051, 113.3680,  28.7250,     254.
 10052, 113.3270,  28.5420,     282.
 10053, 113.3010,  28.3840,     311.
 10054, 113.2860,  28.2340,     340.
 10055, 113.2720,  28.0940,     407.
 10056, 113.2630,  27.9850,     536.
 10057, 113.2520,  27.9140,     676.
 10058, 113.2400,  27.8740,     774.
 10059, 113.2310,  27.8520,     829.
 10060, 113.2320,  27.8380,     867.
 10061, 113.2530,  27.8250,     909.
 10062, 113.2950,  27.8140,     955.
 10063, 113.3480,  27.8140,     998.
 10064, 113.4060,  27.8280,    1033.
 10065, 113.4660,  27.8540,    1057.
 10066, 113.5170,  27.8840,    1044.
 10067, 113.5580,  27.9110,     982.
 10068, 113.5930,  27.9390,     892.
 10069, 113.6390,  27.9580,     816.
 10070, 113.7110,  27.9560,     781.
 10071, 113.8100,  27.9390,     772.
 10072, 113.9380,  27.9150,     774.
 10073, 114.0970,  27.9070,     816.
 10074, 114.2770,  27.9450,     971.
 10075, 114.4450,  28.0240,    1181.
 10076, 114.6000,  28.1260,    1273.
 10077, 114.7330,  28.2770,    1297.
 10078, 114.8520,  28.4550,    1274.
 10079, 114.9750,  28.6330,    1242.
 10080, 115.0930,  28.8060,    1239.
 10081, 115.2080,  28.9690,    1247.
 10082, 115.3450,  29.1220,    1281.
 10083, 115.5090,  29.2730,    1286.
 10084, 115.6900,  29.4020,    1252.
 11000, 113.9420,  30.9070,      10.
 11041, 113.9070,  30.7710,       2.
 11042, 113.8870,  30.6450,       2.
 11043, 113.8700,  30.5360,       2.
 11044, 113.8550,  30.4380,       2.
 11045, 113.8380,  30.3450,       2.
 11046, 113.8090,  30.2510,       2.
 11047, 113.7620,  30.1600,       2.
 11048, 113.7080,  30.0710,       2.
 11049, 113.6560,  29.9830,       2.
 11050, 113.6130,  29.8960,       3.
 11051, 113.5780,  29.8060,       5.
 11052, 113.5460,  29.7100,      11.
 11053, 113.5190,  29.6100,      37.
 11054, 113.4900,  29.5020,      87.
 11055, 113.4460,  29.3930,     126.
 11056, 113.3860,  29.2940,     135.
 11057, 113.3200,  29.2080,     138.
 11058, 113.2560,  29.1370,     139.
 11059, 113.2010,  29.0820,     142.
 11060, 113.1560,  29.0380,     147.
 11061, 113.1240,  29.0010,     155.
 11062, 113.1030,  28.9690,     162.
 11063, 113.0900,  28.9350,     164.
 11064, 113.0810,  28.8920,     164.
 11065, 113.0760,  28.8400,     161.
 11066, 113.0680,  28.7890,     159.
 11067, 113.0480,  28.7480,     158.
 11068, 113.0130,  28.7220,     158.
 11069, 112.9660,  28.7030,     150.
 11070, 112.9120,  28.6870,     128.
 11071, 112.8460,  28.6680,      95.
 11072, 112.7900,  28.6460,      66.
 11073, 112.7720,  28.6190,      51.
 11074, 112.7880,  28.5870,      49.
 11075, 112.8270,  28.5740,      58.
 11076, 112.8770,  28.6000,      85.
 11077, 112.9250,  28.6740,     136.
 11078, 112.9550,  28.7910,     177.
 11079, 112.9690,  28.9240,     187.
 11080, 112.9890,  29.0860,     174.
 11081, 113.0330,  29.2590,     152.
 11082, 113.1040,  29.4240,     136.
 11083, 113.2030,  29.5750,     136.
 11084, 113.3130,  29.7120,     127.
 11085, 113.4170,  29.8480,     114.
 11086, 113.5190,  29.9990,     114.
 11087, 113.6220,  30.1650,     106.
 11088, 113.7110,  30.3470,      92.
 12000, 113.9420,  30.9070,      10.
 12045, 113.9360,  30.8200,       5.
 12046, 113.9210,  30.7200,       4.
 12047, 113.9020,  30.6150,       4.
 12048, 113.8870,  30.5140,       4.
 12049, 113.8810,  30.4170,       4.
 12050, 113.8850,  30.3290,       4.
 12051, 113.9030,  30.2500,       4.
 12052, 113.9370,  30.1830,       2.
 12053, 113.9980,  30.1250,       2.
 12054, 114.0700,  30.0700,       3.
 12055, 114.1230,  30.0190,       6.
 12056, 114.1590,  29.9720,      13.
 12057, 114.1780,  29.9280,      23.
 12058, 114.1790,  29.8850,      38.
 12059, 114.1630,  29.8470,      58.
 12060, 114.1390,  29.8130,      78.
 12061, 114.1190,  29.7830,      97.
 12062, 114.1060,  29.7530,     115.
 12063, 114.0960,  29.7220,     131.
 12064, 114.0820,  29.6920,     144.
 12065, 114.0650,  29.6630,     153.
 12066, 114.0490,  29.6370,     159.
 12067, 114.0350,  29.6160,     162.
 12068, 114.0250,  29.5980,     163.
 12069, 114.0140,  29.5830,     164.
 12070, 113.9970,  29.5700,     167.
 12071, 113.9760,  29.5610,     172.
 12072, 113.9570,  29.5460,     186.
 12073, 113.9490,  29.5150,     221.
 12074, 113.9560,  29.4630,     276.
 12075, 113.9790,  29.3940,     359.
 12076, 114.0280,  29.3340,     460.
 12077, 114.1190,  29.3020,     602.
 12078, 114.2490,  29.3280,     769.
 12079, 114.4170,  29.3980,     881.
 12080, 114.6510,  29.5140,     908.
 12081, 114.9010,  29.6300,     901.
 12082, 115.1630,  29.7220,     795.
 12083, 115.4000,  29.8180,     702.
 12084, 115.6240,  29.9330,     610.
 12085, 115.8720,  30.1000,     691.
 12086, 116.1160,  30.2940,     854.
 12087, 116.3910,  30.5060,     984.
 12088, 116.7140,  30.7290,    1076.
 12089, 117.0580,  30.9290,     995.
 12090, 117.4150,  31.0900,     908.
 12091, 117.7700,  31.2400,     946.
 12092, 118.1100,  31.4080,     971.
 13000, 113.9420,  30.9070,      10.
 13049, 113.9370,  30.8020,       5.
 13050, 113.9310,  30.6930,       4.
 13051, 113.9320,  30.5900,       4.
 13052, 113.9440,  30.4940,       4.
 13053, 113.9740,  30.4060,       4.
 13054, 114.0140,  30.3210,       4.
 13055, 114.0420,  30.2310,       2.
 13056, 114.0510,  30.1430,       0.
 13057, 114.0420,  30.0700,       0.
 13058, 114.0220,  30.0090,       0.
 13059, 113.9900,  29.9540,       1.
 13060, 113.9520,  29.9060,       1.
 13061, 113.9140,  29.8620,       2.
 13062, 113.8800,  29.8200,       3.
 13063, 113.8480,  29.7830,       5.
 13064, 113.8160,  29.7520,       6.
 13065, 113.7840,  29.7240,       6.
 13066, 113.7560,  29.6980,       7.
 13067, 113.7340,  29.6730,       8.
 13068, 113.7170,  29.6480,      10.
 13069, 113.7030,  29.6220,      12.
 13070, 113.6880,  29.5950,      14.
 13071, 113.6720,  29.5700,      14.
 13072, 113.6630,  29.5440,      17.
 13073, 113.6690,  29.5140,      28.
 13074, 113.6930,  29.4750,      53.
 13075, 113.7320,  29.4300,      86.
 13076, 113.7750,  29.3860,     118.
 13077, 113.8220,  29.3460,     154.
 13078, 113.8700,  29.3240,     185.
 13079, 113.9070,  29.3310,     197.
 13080, 113.9280,  29.3640,     192.
 13081, 113.9470,  29.4080,     182.
 13082, 113.9790,  29.4470,     175.
 13083, 114.0280,  29.4840,     169.
 13084, 114.1020,  29.5220,     168.
 13085, 114.2010,  29.5550,     171.
 13086, 114.3310,  29.5750,     182.
 13087, 114.4730,  29.5840,     200.
 13088, 114.6090,  29.5890,     206.
 13089, 114.7400,  29.5810,     252.
 13090, 114.8830,  29.5710,     311.
 13091, 115.0190,  29.5740,     268.
 13092, 115.1560,  29.5870,     208.
 13093, 115.3280,  29.6300,     164.
 13094, 115.5240,  29.7160,      83.
 13095, 115.6850,  29.8120,       6.
 13096, 115.8080,  29.9020,       0.
 14000, 113.9420,  30.9070,      10.
 14053, 113.9160,  30.8160,       4.
 14054, 113.8780,  30.7230,       3.
 14055, 113.8310,  30.6290,       2.
 14056, 113.7730,  30.5340,       2.
 14057, 113.7060,  30.4420,       2.
 14058, 113.6360,  30.3590,       2.
 14059, 113.5650,  30.2850,       2.
 14060, 113.4960,  30.2180,       2.
 14061, 113.4310,  30.1570,       2.
 14062, 113.3670,  30.0940,       3.
 14063, 113.3080,  30.0330,       3.
 14064, 113.2560,  29.9780,       3.
 14065, 113.2090,  29.9300,       3.
 14066, 113.1630,  29.8820,       3.
 14067, 113.1190,  29.8330,       3.
 14068, 113.0790,  29.7840,       3.
 14069, 113.0410,  29.7370,       2.
 14070, 112.9950,  29.6900,       0.
 14071, 112.9410,  29.6420,       0.
 14072, 112.8900,  29.5920,       0.
 14073, 112.8560,  29.5350,       0.
 14074, 112.8420,  29.4680,       0.
 14075, 112.8370,  29.4080,       1.
 14076, 112.8310,  29.3660,       3.
 14077, 112.8220,  29.3450,       5.
 14078, 112.8060,  29.3450,       6.
 14079, 112.7810,  29.3680,       7.
 14080, 112.7470,  29.4110,       7.
 14081, 112.7140,  29.4730,       9.
 14082, 112.6960,  29.5470,      14.
 14083, 112.6930,  29.6330,      20.
 14084, 112.7080,  29.7380,      22.
 14085, 112.7400,  29.8560,      17.
 14086, 112.7840,  29.9760,      14.
 14087, 112.8360,  30.1000,      14.
 14088, 112.8850,  30.2340,      13.
 14089, 112.9190,  30.3750,      12.
 14090, 112.9450,  30.5070,       9.
 14091, 112.9740,  30.6280,      14.
 14092, 113.0090,  30.7430,      34.
 14093, 113.1040,  30.9010,      76.
 14094, 113.2820,  31.1390,     134.
 14095, 113.4380,  31.3510,     107.
 14096, 113.5700,  31.5200,      66.
 14097, 113.7280,  31.6800,     101.
 14098, 114.0310,  31.9170,     235.
 14099, 114.2990,  32.1430,     100.
 14100, 114.4970,  32.3450,      83.
 15000, 113.9420,  30.9070,      10.
 15057, 113.8640,  30.8120,       6.
 15058, 113.7830,  30.7250,       6.
 15059, 113.7000,  30.6460,       6.
 15060, 113.6170,  30.5760,       6.
 15061, 113.5400,  30.5150,       6.
 15062, 113.4640,  30.4610,       6.
 15063, 113.3930,  30.4130,       6.
 15064, 113.3280,  30.3680,       6.
 15065, 113.2710,  30.3270,       6.
 15066, 113.2150,  30.2890,       6.
 15067, 113.1520,  30.2560,       6.
 15068, 113.0810,  30.2230,       6.
 15069, 113.0070,  30.1900,       5.
 15070, 112.9300,  30.1580,       3.
 15071, 112.8480,  30.1250,       0.
 15072, 112.7600,  30.0940,       0.
 15073, 112.6710,  30.0710,       0.
 15074, 112.5760,  30.0590,       4.
 15075, 112.4770,  30.0420,      11.
 15076, 112.3860,  29.9970,      15.
 15077, 112.3250,  29.9230,      15.
 15078, 112.2930,  29.8540,      15.
 15079, 112.2630,  29.8300,      18.
 15080, 112.2210,  29.8560,      24.
 15081, 112.1700,  29.9120,      31.
 15082, 112.1150,  29.9950,      35.
 15083, 112.0570,  30.1020,      40.
 15084, 112.0140,  30.2100,      52.
 15085, 112.0130,  30.3280,      63.
 15086, 112.0550,  30.4740,      76.
 15087, 112.1260,  30.6600,      92.
 15088, 112.2300,  30.8850,     124.
 15089, 112.3520,  31.1400,     180.
 15090, 112.4890,  31.3720,     204.
 15091, 112.6950,  31.5680,     320.
 15092, 112.9760,  31.7580,     422.
 15093, 113.2650,  31.9480,     425.
 15094, 113.5900,  32.1650,     542.
 15095, 113.9240,  32.3800,     416.
 15096, 114.2370,  32.6030,     410.
 15097, 114.5490,  32.8430,     376.
 15098, 114.8450,  33.0940,     412.
 15099, 115.1240,  33.3750,     461.
 15100, 115.3810,  33.6770,     522.
 15101, 115.6200,  34.0080,     589.
 15102, 115.8210,  34.3670,     672.
 15103, 115.9660,  34.7440,     794.
 15104, 116.0610,  35.1310,     934.
 16000, 113.9420,  30.9070,      10.
 16061, 113.8630,  30.8310,      10.
 16062, 113.7870,  30.7660,      10.
 16063, 113.7180,  30.7110,      10.
 16064, 113.6590,  30.6600,      10.
 16065, 113.6080,  30.6140,      10.
 16066, 113.5550,  30.5760,      10.
 16067, 113.4910,  30.5480,      10.
 16068, 113.4160,  30.5260,      10.
 16069, 113.3380,  30.5080,      10.
 16070, 113.2580,  30.4960,      10.
 16071, 113.1780,  30.4930,      10.
 16072, 113.0970,  30.4910,       9.
 16073, 113.0200,  30.4830,       6.
 16074, 112.9440,  30.4730,       3.
 16075, 112.8660,  30.4570,       2.
 16076, 112.7910,  30.4340,       2.
 16077, 112.7260,  30.4030,       1.
 16078, 112.6750,  30.3740,       0.
 16079, 112.6390,  30.3560,       0.
 16080, 112.6140,  30.3490,       0.
 16081, 112.5990,  30.3590,       0.
 16082, 112.5950,  30.3920,       2.
 16083, 112.6090,  30.4430,       4.
 16084, 112.6480,  30.5120,       6.
 16085, 112.7090,  30.6000,       8.
 16086, 112.7670,  30.7050,       9.
 16087, 112.8070,  30.8250,      18.
 16088, 112.8600,  30.9820,      59.
 16089, 112.9610,  31.1900,     179.
 16090, 113.1670,  31.4490,     372.
 16091, 113.4050,  31.6960,     349.
 16092, 113.7010,  31.9300,     499.
 16093, 114.0520,  32.1590,     528.
 16094, 114.3790,  32.3610,     482.
 16095, 114.7040,  32.5970,     428.
 16096, 115.0410,  32.8730,     400.
 16097, 115.3840,  33.1470,     434.
 16098, 115.6670,  33.4460,     507.
 16099, 115.9240,  33.7950,     538.
 16100, 116.1610,  34.1530,     628.
 16101, 116.3400,  34.4990,     840.
 16102, 116.4850,  34.8330,    1022.
 16103, 116.5890,  35.1790,    1142.
 16104, 116.6580,  35.5380,    1288.
 16105, 116.6990,  35.8950,    1482.
 16106, 116.7200,  36.2610,    1652.
 16107, 116.7400,  36.6330,    1708.
 16108, 116.7500,  36.9920,    1755.
 17000, 113.9420,  30.9070,      10.
 17065, 113.9080,  30.8400,      10.
 17066, 113.8730,  30.7810,      10.
 17067, 113.8270,  30.7330,      10.
 17068, 113.7720,  30.6950,      10.
 17069, 113.7100,  30.6610,      10.
 17070, 113.6390,  30.6260,       9.
 17071, 113.5640,  30.5920,       8.
 17072, 113.4880,  30.5590,       6.
 17073, 113.4170,  30.5240,       4.
 17074, 113.3520,  30.4820,       0.
 17075, 113.2940,  30.4390,       0.
 17076, 113.2460,  30.3980,       0.
 17077, 113.2070,  30.3590,       0.
 17078, 113.1800,  30.3380,       2.
 17079, 113.1720,  30.3470,       4.
 17080, 113.1850,  30.3830,       7.
 17081, 113.2190,  30.4390,      10.
 17082, 113.2740,  30.5090,      12.
 17083, 113.3560,  30.6010,      12.
 17084, 113.4630,  30.7170,      13.
 17085, 113.5690,  30.8650,      15.
 17086, 113.6450,  31.0460,      19.
 17087, 113.7030,  31.2390,      40.
 17088, 113.7520,  31.4310,      73.
 17089, 113.8000,  31.6140,     125.
 17090, 113.9060,  31.8010,     267.
 17091, 114.0940,  31.9920,     232.
 17092, 114.2480,  32.1640,     108.
 17093, 114.3760,  32.3370,      77.
 17094, 114.5080,  32.4970,      68.
 17095, 114.6500,  32.6620,      57.
 17096, 114.7960,  32.8320,      51.
 17097, 114.9400,  32.9990,      51.
 17098, 115.0710,  33.1640,      51.
 17099, 115.1920,  33.3380,      51.
 17100, 115.3000,  33.5090,      51.
 17101, 115.3980,  33.6760,      51.
 17102, 115.4850,  33.8610,      51.
 17103, 115.5690,  34.0940,      51.
 17104, 115.6470,  34.3730,      51.
 17105, 115.7160,  34.6760,      51.
 17106, 115.7700,  34.9950,      50.
 17107, 115.8060,  35.3490,      50.
 17108, 115.8370,  35.7140,      50.
 17109, 115.8740,  36.0590,      47.
 17110, 115.9180,  36.3990,      38.
 17111, 115.9690,  36.7320,      32.
 17112, 116.0190,  37.0550,      28.
 18000, 113.9420,  30.9070,      10.
 18069, 113.8900,  30.8670,       9.
 18070, 113.8260,  30.8210,       7.
 18071, 113.7520,  30.7720,       6.
 18072, 113.6750,  30.7260,       6.
 18073, 113.6010,  30.6870,       4.
 18074, 113.5280,  30.6490,       1.
 18075, 113.4630,  30.6090,       1.
 18076, 113.4100,  30.5670,       2.
 18077, 113.3680,  30.5240,       7.
 18078, 113.3400,  30.4960,      12.
 18079, 113.3300,  30.5010,      16.
 18080, 113.3400,  30.5390,      22.
 18081, 113.3760,  30.6030,      30.
 18082, 113.4500,  30.6870,      36.
 18083, 113.5720,  30.7950,      40.
 18084, 113.6970,  30.9410,      47.
 18085, 113.8040,  31.1120,      55.
 18086, 113.8960,  31.2940,      91.
 18087, 113.9860,  31.4790,     156.
 18088, 114.0780,  31.6580,     259.
 18089, 114.1960,  31.8360,     391.
 18090, 114.3900,  31.9740,     365.
 18091, 114.6580,  32.0750,     281.
 18092, 114.9850,  32.1580,     222.
 18093, 115.3560,  32.2310,     198.
 18094, 115.6850,  32.3550,     182.
 18095, 115.9590,  32.5390,     176.
 18096, 116.2500,  32.7190,     169.
 18097, 116.5020,  32.9230,     154.
 18098, 116.6530,  33.2130,     124.
 18099, 116.7580,  33.5300,      96.
 18100, 116.8360,  33.8030,      89.
 18101, 116.8490,  34.0800,      94.
 18102, 116.8200,  34.3800,      93.
 18103, 116.8030,  34.6940,      94.
 18104, 116.7950,  35.0200,     105.
 18105, 116.7890,  35.3650,     127.
 18106, 116.7750,  35.7290,     158.
 18107, 116.7500,  36.0940,     262.
 18108, 116.7540,  36.4760,     292.
 18109, 116.7750,  36.8420,     216.
 18110, 116.7770,  37.2150,     209.
 18111, 116.7940,  37.6250,     209.
 18112, 116.7680,  38.0660,     209.
 18113, 116.6760,  38.5290,     209.
 18114, 116.5720,  39.0030,     214.
 18115, 116.4510,  39.4350,     224.
 18116, 116.2520,  39.8340,     247.
 19000, 113.9420,  30.9070,      10.
 19073, 113.8670,  30.8680,       5.
 19074, 113.7920,  30.8420,       5.
 19075, 113.7220,  30.8250,       5.
 19076, 113.6610,  30.8080,       5.
 19077, 113.6140,  30.7880,       4.
 19078, 113.5840,  30.7720,       5.
 19079, 113.5750,  30.7730,       6.
 19080, 113.5880,  30.7930,       9.
 19081, 113.6260,  30.8350,      12.
 19082, 113.6960,  30.9100,      17.
 19083, 113.8050,  31.0190,      20.
 19084, 113.9180,  31.1400,      36.
 19085, 114.0210,  31.2860,      79.
 19086, 114.1180,  31.4500,     132.
 19087, 114.2030,  31.6190,     187.
 19088, 114.2870,  31.7810,     258.
 19089, 114.3980,  31.9100,     264.
 19090, 114.5450,  32.0160,     195.
 19091, 114.7270,  32.1290,     129.
 19092, 114.9350,  32.2470,      92.
 19093, 115.1540,  32.3570,      76.
 19094, 115.3570,  32.4800,      71.
 19095, 115.5320,  32.6520,      70.
 19096, 115.6900,  32.8630,      70.
 19097, 115.8310,  33.0900,      69.
 19098, 115.9270,  33.3310,      69.
 19099, 116.0000,  33.5830,      70.
 19100, 116.0780,  33.8260,      70.
 19101, 116.1400,  34.0660,      70.
 19102, 116.1840,  34.3200,      70.
 19103, 116.2230,  34.6070,      71.
 19104, 116.2580,  34.9140,      72.
 19105, 116.2880,  35.2290,      72.
 19106, 116.3080,  35.5740,      72.
 19107, 116.3170,  35.9260,      96.
 19108, 116.3400,  36.2860,     109.
 19109, 116.3740,  36.6410,      72.
 19110, 116.4010,  36.9970,      66.
 19111, 116.4330,  37.3630,      63.
 19112, 116.4410,  37.7500,      57.
 19113, 116.3990,  38.1560,      55.
 19114, 116.3140,  38.5710,      58.
 19115, 116.2080,  38.9600,      60.
 19116, 116.0770,  39.2950,      61.
 19117, 115.9050,  39.6160,     208.
 19118, 115.5520,  40.1800,    1213.
 19119, 115.2780,  40.8080,    1566.
 19120, 114.9430,  41.4690,    2065.
 20000, 113.9420,  30.9070,      10.
 20077, 113.9000,  30.9090,       8.
 20078, 113.8770,  30.9230,       7.
 20079, 113.8810,  30.9530,       8.
 20080, 113.9180,  31.0010,      15.
 20081, 113.9870,  31.0720,      29.
 20082, 114.0810,  31.1630,      57.
 20083, 114.1930,  31.2790,      83.
 20084, 114.3080,  31.4160,      94.
 20085, 114.4120,  31.5660,     133.
 20086, 114.5010,  31.7240,     139.
 20087, 114.5930,  31.8620,      86.
 20088, 114.7080,  31.9610,      44.
 20089, 114.8490,  32.0290,      21.
 20090, 115.0040,  32.0780,      15.
 20091, 115.1590,  32.1280,       9.
 20092, 115.3130,  32.1810,       2.
 20093, 115.4590,  32.2350,       0.
 20094, 115.5850,  32.3080,       0.
 20095, 115.6890,  32.4150,       0.
 20096, 115.7780,  32.5420,       0.
 20097, 115.8500,  32.6720,       0.
 20098, 115.8950,  32.8120,       0.
 20099, 115.9180,  32.9580,       0.
 20100, 115.9330,  33.1070,       0.
 20101, 115.9470,  33.2590,       0.
 20102, 115.9660,  33.4270,       0.
 20103, 115.9910,  33.6210,       0.
 20104, 116.0200,  33.8440,       0.
 20105, 116.0490,  34.0960,       0.
 20106, 116.0710,  34.3700,       0.
 20107, 116.0840,  34.6610,       0.
 20108, 116.0990,  34.9570,       0.
 20109, 116.1250,  35.2620,       0.
 20110, 116.1510,  35.5730,       0.
 20111, 116.1780,  35.8810,       7.
 20112, 116.2420,  36.2080,      44.
 20113, 116.3370,  36.4960,      18.
 20114, 116.4150,  36.7420,       8.
 20115, 116.4710,  36.9750,       8.
 20116, 116.5020,  37.1700,       8.
 20117, 116.5290,  37.3420,       8.
 20118, 116.5710,  37.5260,       8.
 20119, 116.6290,  37.6990,       8.
 20120, 116.7030,  37.8330,       8.
 20121, 116.7990,  37.9310,       5.
 20122, 116.9170,  38.0060,       0.
 20123, 117.0750,  38.0870,       0.
 20124, 117.3060,  38.2060,       0.
END
