  1000, 113.9420,  30.9070,      10.
  1001, 113.8950,  30.7860,      15.
  1002, 113.8410,  30.6590,      20.
  1003, 113.7810,  30.5220,      21.
  1004, 113.7090,  30.3790,      22.
  1005, 113.6280,  30.2330,      26.
  1006, 113.5450,  30.0840,      32.
  1007, 113.4580,  29.9330,      40.
  1008, 113.3740,  29.7850,      54.
  1009, 113.3000,  29.6400,      70.
  1010, 113.2370,  29.4860,      87.
  1011, 113.1860,  29.3180,      98.
  1012, 113.1490,  29.1470,      97.
  1013, 113.1350,  28.9770,     106.
  1014, 113.1450,  28.8130,     137.
  1015, 113.1700,  28.6600,     184.
  1016, 113.1870,  28.5110,     228.
  1017, 113.1970,  28.3540,     248.
  1018, 113.2150,  28.1940,     240.
  1019, 113.2320,  28.0440,     240.
  1020, 113.2340,  27.9080,     247.
  1021, 113.2210,  27.7870,     241.
  1022, 113.2010,  27.6710,     238.
  1023, 113.1840,  27.5580,     261.
  1024, 113.1720,  27.4510,     313.
  1025, 113.1620,  27.3530,     362.
  1026, 113.1560,  27.2640,     386.
  1027, 113.1550,  27.1890,     390.
  1028, 113.1550,  27.1290,     380.
  1029, 113.1470,  27.0790,     357.
  1030, 113.1280,  27.0350,     322.
  1031, 113.1020,  26.9930,     292.
  1032, 113.0770,  26.9550,     274.
  1033, 113.0580,  26.9240,     261.
  1034, 113.0400,  26.9030,     252.
  1035, 113.0150,  26.8940,     245.
  1036, 112.9820,  26.8980,     240.
  1037, 112.9560,  26.9130,     238.
  1038, 112.9490,  26.9370,     237.
  1039, 112.9610,  26.9720,     236.
  1040, 112.9830,  27.0190,     236.
  1041, 113.0020,  27.0760,     236.
  1042, 113.0160,  27.1450,     234.
  1043, 113.0150,  27.2230,     230.
  1044, 112.9870,  27.3090,     227.
  1045, 112.9440,  27.3880,     230.
  1046, 112.9080,  27.4640,     239.
  1047, 112.8950,  27.5460,     256.
  1048, 112.9100,  27.6340,     293.
  2000, 113.9420,  30.9070,      10.
  2005, 113.8800,  30.7810,      12.
  2006, 113.8140,  30.6470,      16.
  2007, 113.7390,  30.5060,      20.
  2008, 113.6560,  30.3640,      22.
  2009, 113.5700,  30.2220,      23.
  2010, 113.4830,  30.0800,      22.
  2011, 113.4000,  29.9360,      19.
  2012, 113.3240,  29.7920,      16.
  2013, 113.2630,  29.6420,      16.
  2014, 113.2300,  29.4870,      21.
  2015, 113.2300,  29.3280,      30.
  2016, 113.2650,  29.1780,      40.
  2017, 113.3230,  29.0500,      70.
  2018, 113.3930,  28.9240,     127.
  2019, 113.4450,  28.8020,     169.
  2020, 113.4680,  28.6870,     180.
  2021, 113.4680,  28.5750,     184.
  2022, 113.4590,  28.4630,     189.
  2023, 113.4590,  28.3610,     191.
  2024, 113.4730,  28.2750,     189.
  2025, 113.4970,  28.2100,     187.
  2026, 113.5180,  28.1460,     191.
  2027, 113.5360,  28.0760,     210.
  2028, 113.5460,  28.0040,     246.
  2029, 113.5440,  27.9390,     275.
  2030, 113.5360,  27.8820,     284.
  2031, 113.5270,  27.8340,     282.
  2032, 113.5250,  27.7960,     281.
  2033, 113.5300,  27.7680,     287.
  2034, 113.5330,  27.7460,     298.
  2035, 113.5270,  27.7250,     300.
  2036, 113.5120,  27.7060,     291.
  2037, 113.4940,  27.6920,     282.
  2038, 113.4850,  27.6870,     278.
  2039, 113.4840,  27.6920,     277.
  2040, 113.4890,  27.7020,     270.
  2041, 113.4930,  27.7150,     247.
  2042, 113.4950,  27.7300,     207.
  2043, 113.4980,  27.7480,     167.
  2044, 113.5130,  27.7730,     143.
  2045, 113.5480,  27.8030,     135.
  2046, 113.6060,  27.8320,     139.
  2047, 113.6850,  27.8560,     150.
  2048, 113.7790,  27.8770,     171.
  2049, 113.8780,  27.8970,     189.
  2050, 113.9670,  27.9190,     184.
  2051, 114.0410,  27.9360,     160.
  2052, 114.1070,  27.9420,     131.
  3000, 113.9420,  30.9070,      10.
  3009, 113.8530,  30.7750,       6.
  3010, 113.7660,  30.6380,       3.
  3011, 113.6890,  30.5000,       0.
  3012, 113.6180,  30.3630,       0.
  3013, 113.5540,  30.2230,       0.
  3014, 113.4990,  30.0810,       0.
  3015, 113.4580,  29.9410,       0.
  3016, 113.4350,  29.8130,       0.
  3017, 113.4290,  29.6980,       6.
  3018, 113.4410,  29.5940,      28.
  3019, 113.4640,  29.4700,      95.
  3020, 113.4690,  29.3130,     176.
  3021, 113.4560,  29.1430,     225.
  3022, 113.4360,  28.9530,     269.
  3023, 113.4060,  28.7570,     297.
  3024, 113.3760,  28.5710,     309.
  3025, 113.3570,  28.4060,     331.
  3026, 113.3540,  28.2660,     330.
  3027, 113.3650,  28.1440,     335.
  3028, 113.3800,  28.0380,     380.
  3029, 113.3830,  27.9550,     456.
  3030, 113.3760,  27.8920,     521.
  3031, 113.3680,  27.8440,     568.
  3032, 113.3660,  27.8060,     606.
  3033, 113.3690,  27.7780,     648.
  3034, 113.3830,  27.7570,     689.
  3035, 113.4100,  27.7380,     720.
  3036, 113.4510,  27.7190,     738.
  3037, 113.5010,  27.7060,     751.
  3038, 113.5630,  27.7080,     768.
  3039, 113.6370,  27.7230,     787.
  3040, 113.7130,  27.7440,     785.
  3041, 113.7780,  27.7660,     742.
  3042, 113.8350,  27.7910,     692.
  3043, 113.9020,  27.8070,     666.
  3044, 113.9890,  27.8070,     673.
  3045, 114.0890,  27.7930,     691.
  3046, 114.2140,  27.7810,     722.
  3047, 114.3720,  27.8090,     784.
  3048, 114.5500,  27.9010,     883.
  3049, 114.7370,  28.0410,     952.
  3050, 114.8940,  28.2040,     921.
  3051, 114.9880,  28.3680,     812.
  3052, 115.0230,  28.5050,     726.
  3053, 115.0530,  28.6330,     702.
  3054, 115.1210,  28.7800,     712.
  3055, 115.2000,  28.9270,     746.
  3056, 115.3090,  29.0740,     816.
  4000, 113.9420,  30.9070,      10.
  4013, 113.8830,  30.7680,       0.
  4014, 113.8450,  30.6320,       0.
  4015, 113.8340,  30.5030,       0.
  4016, 113.8400,  30.3910,       0.
  4017, 113.8440,  30.2930,       0.
  4018, 113.8480,  30.2010,       0.
  4019, 113.8450,  30.1140,       0.
  4020, 113.8250,  30.0340,       0.
  4021, 113.7900,  29.9590,       1.
  4022, 113.7540,  29.8870,       3.
  4023, 113.7290,  29.8200,       7.
  4024, 113.7100,  29.7540,      11.
  4025, 113.6830,  29.6860,      22.
  4026, 113.6450,  29.6140,      41.
  4027, 113.5980,  29.5430,      71.
  4028, 113.5420,  29.4720,     105.
  4029, 113.4770,  29.3970,     125.
  4030, 113.4100,  29.3230,     132.
  4031, 113.3450,  29.2560,     134.
  4032, 113.2870,  29.2020,     136.
  4033, 113.2370,  29.1600,     136.
  4034, 113.1970,  29.1250,     140.
  4035, 113.1670,  29.0910,     146.
  4036, 113.1470,  29.0590,     152.
  4037, 113.1340,  29.0240,     157.
  4038, 113.1280,  28.9820,     159.
  4039, 113.1270,  28.9330,     157.
  4040, 113.1290,  28.8820,     156.
  4041, 113.1280,  28.8390,     155.
  4042, 113.1200,  28.8050,     154.
  4043, 113.1060,  28.7760,     150.
  4044, 113.0890,  28.7480,     136.
  4045, 113.0700,  28.7220,     112.
  4046, 113.0620,  28.6900,      95.
  4047, 113.0910,  28.6510,     107.
  4048, 113.1720,  28.6170,     139.
  4049, 113.2810,  28.6090,     166.
  4050, 113.3730,  28.6300,     179.
  4051, 113.4460,  28.6650,     161.
  4052, 113.4730,  28.6960,     134.
  4053, 113.4500,  28.7290,     122.
  4054, 113.3850,  28.7760,     120.
  4055, 113.3220,  28.8320,     113.
  4056, 113.2800,  28.8830,      98.
  4057, 113.2500,  28.9280,      80.
  4058, 113.2310,  28.9850,      67.
  4059, 113.2340,  29.0740,      62.
  4060, 113.2700,  29.1990,      72.
  5000, 113.9420,  30.9070,      10.
  5017, 113.9330,  30.7930,       1.
  5018, 113.9230,  30.6970,       0.
  5019, 113.9080,  30.6060,       0.
  5020, 113.8890,  30.5110,       0.
  5021, 113.8600,  30.4140,       0.
  5022, 113.8260,  30.3160,       0.
  5023, 113.7960,  30.2220,       0.
  5024, 113.7730,  30.1360,       0.
  5025, 113.7490,  30.0550,       0.
  5026, 113.7170,  29.9760,       0.
  5027, 113.6760,  29.8970,       1.
  5028, 113.6250,  29.8240,       0.
  5029, 113.5680,  29.7560,       0.
  5030, 113.5100,  29.6890,       0.
  5031, 113.4540,  29.6270,       0.
  5032, 113.3960,  29.5760,       0.
  5033, 113.3370,  29.5310,       0.
  5034, 113.2830,  29.4880,       0.
  5035, 113.2370,  29.4430,       0.
  5036, 113.2010,  29.3980,       0.
  5037, 113.1720,  29.3550,       0.
  5038, 113.1490,  29.3120,       0.
  5039, 113.1330,  29.2690,       0.
  5040, 113.1200,  29.2250,       0.
  5041, 113.1080,  29.1800,       0.
  5042, 113.0990,  29.1340,       0.
  5043, 113.0930,  29.0910,       0.
  5044, 113.0870,  29.0550,       0.
  5045, 113.0790,  29.0240,       0.
  5046, 113.0740,  28.9880,       0.
  5047, 113.0760,  28.9390,       4.
  5048, 113.0880,  28.8830,      16.
  5049, 113.1060,  28.8360,      32.
  5050, 113.1140,  28.8180,      44.
  5051, 113.1050,  28.8290,      50.
  5052, 113.0850,  28.8640,      49.
  5053, 113.0580,  28.9190,      45.
  5054, 113.0240,  29.0040,      40.
  5055, 112.9980,  29.1140,      39.
  5056, 112.9920,  29.2340,      38.
  5057, 113.0070,  29.3640,      38.
  5058, 113.0440,  29.5040,      38.
  5059, 113.1060,  29.6510,      35.
  5060, 113.1840,  29.8060,      28.
  5061, 113.2560,  29.9590,      25.
  5062, 113.3160,  30.1170,      30.
  5063, 113.3590,  30.2910,      30.
  5064, 113.3990,  30.4810,      30.
  6000, 113.9420,  30.9070,      10.
  6021, 113.9300,  30.8040,       3.
  6022, 113.9110,  30.6950,       1.
  6023, 113.8960,  30.5870,       1.
  6024, 113.8920,  30.4800,       1.
  6025, 113.8990,  30.3770,       1.
  6026, 113.9160,  30.2830,       1.
  6027, 113.9460,  30.2000,       1.
  6028, 113.9750,  30.1300,       0.
  6029, 113.9820,  30.0710,       0.
  6030, 113.9630,  30.0210,       0.
  6031, 113.9270,  29.9750,       0.
  6032, 113.8810,  29.9320,       0.
  6033, 113.8270,  29.8940,       1.
  6034, 113.7700,  29.8610,       1.
  6035, 113.7170,  29.8280,       0.
  6036, 113.6680,  29.7910,       1.
  6037, 113.6210,  29.7550,       2.
  6038, 113.5760,  29.7190,       4.
  6039, 113.5330,  29.6810,       6.
  6040, 113.4960,  29.6430,       7.
  6041, 113.4640,  29.6080,      10.
  6042, 113.4380,  29.5730,      13.
  6043, 113.4160,  29.5370,      16.
  6044, 113.3970,  29.5030,      16.
  6045, 113.3780,  29.4710,      12.
  6046, 113.3590,  29.4390,      10.
  6047, 113.3450,  29.4020,      13.
  6048, 113.3370,  29.3600,      20.
  6049, 113.3340,  29.3130,      25.
  6050, 113.3300,  29.2660,      27.
  6051, 113.3210,  29.2210,      24.
  6052, 113.3110,  29.1950,      23.
  6053, 113.3070,  29.2000,      23.
  6054, 113.3140,  29.2350,      28.
  6055, 113.3350,  29.2920,      37.
  6056, 113.3700,  29.3550,      46.
  6057, 113.4150,  29.4170,      52.
  6058, 113.4670,  29.4790,      53.
  6059, 113.5200,  29.5470,      44.
  6060, 113.5700,  29.6240,      27.
  6061, 113.6180,  29.7050,      10.
  6062, 113.6630,  29.7810,       0.
  6063, 113.7000,  29.8570,       0.
  6064, 113.7320,  29.9390,       0.
  6065, 113.7670,  30.0350,       0.
  6066, 113.8100,  30.1580,       0.
  6067, 113.8670,  30.3110,       0.
  6068, 113.9490,  30.4770,       0.
  7000, 113.9420,  30.9070,      10.
  7025, 113.9250,  30.7890,       2.
  7026, 113.9130,  30.6670,       1.
  7027, 113.9110,  30.5440,       1.
  7028, 113.9100,  30.4300,       0.
  7029, 113.8960,  30.3240,       0.
  7030, 113.8660,  30.2210,       0.
  7031, 113.8190,  30.1330,       0.
  7032, 113.7600,  30.0600,       0.
  7033, 113.6940,  29.9950,       4.
  7034, 113.6300,  29.9380,       8.
  7035, 113.5690,  29.8890,      10.
  7036, 113.5070,  29.8410,      14.
  7037, 113.4450,  29.7940,      18.
  7038, 113.3860,  29.7450,      23.
  7039, 113.3310,  29.6920,      25.
  7040, 113.2820,  29.6370,      26.
  7041, 113.2420,  29.5810,      27.
  7042, 113.2080,  29.5240,      27.
  7043, 113.1750,  29.4680,      24.
  7044, 113.1370,  29.4160,      18.
  7045, 113.0960,  29.3710,      11.
  7046, 113.0570,  29.3240,       8.
  7047, 113.0330,  29.2690,       9.
  7048, 113.0280,  29.2010,      17.
  7049, 113.0330,  29.1320,      24.
  7050, 113.0360,  29.0850,      30.
  7051, 113.0330,  29.0690,      35.
  7052, 113.0260,  29.0860,      40.
  7053, 113.0150,  29.1360,      42.
  7054, 113.0070,  29.2190,      42.
  7055, 113.0130,  29.3250,      40.
  7056, 113.0370,  29.4420,      39.
  7057, 113.0730,  29.5580,      38.
  7058, 113.1230,  29.6780,      36.
  7059, 113.1910,  29.8080,      31.
  7060, 113.2630,  29.9480,      30.
  7061, 113.3340,  30.1020,      39.
  7062, 113.3940,  30.2660,      40.
  7063, 113.4400,  30.4550,      40.
  7064, 113.4810,  30.6670,      43.
  7065, 113.5240,  30.8960,      58.
  7066, 113.5840,  31.1220,      69.
  7067, 113.6960,  31.3400,      92.
  7068, 113.8440,  31.5220,     121.
  7069, 114.0310,  31.7080,     222.
  7070, 114.3020,  31.9520,     188.
  7071, 114.5310,  32.1740,     104.
  7072, 114.7510,  32.3920,      96.
  8000, 113.9420,  30.9070,      10.
  8029, 113.8890,  30.7960,       5.
  8030, 113.8260,  30.6940,       3.
  8031, 113.7590,  30.6010,       0.
  8032, 113.6890,  30.5150,       0.
  8033, 113.6130,  30.4350,       0.
  8034, 113.5360,  30.3620,       0.
  8035, 113.4650,  30.2990,       0.
  8036, 113.3990,  30.2440,       0.
  8037, 113.3370,  30.1940,       0.
  8038, 113.2820,  30.1460,       0.
  8039, 113.2330,  30.1030,       0.
  8040, 113.1860,  30.0640,       0.
  8041, 113.1380,  30.0250,       0.
  8042, 113.0900,  29.9870,       0.
  8043, 113.0390,  29.9510,       0.
  8044, 112.9810,  29.9160,       0.
  8045, 112.9160,  29.8850,       0.
  8046, 112.8520,  29.8540,       0.
  8047, 112.8050,  29.8280,       0.
  8048, 112.7800,  29.8100,       1.
  8049, 112.7580,  29.7880,       4.
  8050, 112.7250,  29.7490,      10.
  8051, 112.6840,  29.6970,      21.
  8052, 112.6480,  29.6770,      33.
  8053, 112.6110,  29.7110,      45.
  8054, 112.5700,  29.8030,      59.
  8055, 112.5430,  29.9190,      73.
  8056, 112.5410,  30.0390,      77.
  8057, 112.5540,  30.1730,      80.
  8058, 112.5890,  30.3170,      91.
  8059, 112.6620,  30.4680,     100.
  8060, 112.7610,  30.6390,      94.
  8061, 112.8420,  30.8200,      88.
  8062, 112.9460,  31.0340,     154.
  8063, 113.1290,  31.3100,     363.
  8064, 113.3440,  31.5790,     393.
  8065, 113.5930,  31.8170,     458.
  8066, 113.9300,  32.0560,     662.
  8067, 114.2630,  32.2500,     582.
  8068, 114.5940,  32.4440,     550.
  8069, 114.9320,  32.6800,     495.
  8070, 115.3050,  32.9510,     485.
  8071, 115.6460,  33.2150,     568.
  8072, 115.9330,  33.5200,     601.
  8073, 116.2080,  33.8650,     659.
  8074, 116.4300,  34.1960,     770.
  8075, 116.6080,  34.5220,     915.
  8076, 116.7480,  34.8640,     970.
  9000, 113.9420,  30.9070,      10.
  9033, 113.8520,  30.8250,       6.
  9034, 113.7660,  30.7520,       5.
  9035, 113.6860,  30.6880,       5.
  9036, 113.6090,  30.6330,       4.
  9037, 113.5360,  30.5850,       4.
  9038, 113.4710,  30.5410,       4.
  9039, 113.4100,  30.5020,       4.
  9040, 113.3470,  30.4670,       4.
  9041, 113.2780,  30.4370,       4.
  9042, 113.2020,  30.4100,       4.
  9043, 113.1230,  30.3860,       4.
  9044, 113.0410,  30.3650,       3.
  9045, 112.9540,  30.3490,       0.
  9046, 112.8660,  30.3300,       0.
  9047, 112.7730,  30.3100,       0.
  9048, 112.6730,  30.2960,       0.
  9049, 112.5730,  30.2750,       0.
  9050, 112.4830,  30.2350,       0.
  9051, 112.4020,  30.1770,       0.
  9052, 112.3340,  30.1200,       2.
  9053, 112.2760,  30.0880,       5.
  9054, 112.2220,  30.0840,       8.
  9055, 112.1650,  30.1060,      10.
  9056, 112.1070,  30.1510,      15.
  9057, 112.0470,  30.2120,      25.
  9058, 112.0020,  30.2870,      39.
  9059, 111.9940,  30.3810,      50.
  9060, 112.0290,  30.5120,      66.
  9061, 112.0960,  30.6870,      82.
  9062, 112.1920,  30.8960,     111.
  9063, 112.3070,  31.1380,     166.
  9064, 112.4200,  31.3530,     176.
  9065, 112.5820,  31.5370,     231.
  9066, 112.8180,  31.7080,     354.
  9067, 113.0810,  31.8740,     364.
  9068, 113.3550,  32.0620,     416.
  9069, 113.6780,  32.2700,     462.
  9070, 114.0120,  32.4760,     357.
  9071, 114.3370,  32.6960,     340.
  9072, 114.6480,  32.9340,     347.
  9073, 114.9330,  33.1980,     390.
  9074, 115.1980,  33.4950,     442.
  9075, 115.4350,  33.8110,     504.
  9076, 115.6410,  34.1590,     566.
  9077, 115.8000,  34.5350,     659.
  9078, 115.9070,  34.9230,     773.
  9079, 115.9770,  35.3180,     857.
  9080, 116.0130,  35.7140,     990.
 10000, 113.9420,  30.9070,      10.
 10037, 113.8810,  30.8370,      10.
 10038, 113.8290,  30.7740,      10.
 10039, 113.7860,  30.7160,      10.
 10040, 113.7450,  30.6680,      10.
 10041, 113.6940,  30.6290,      10.
 10042, 113.6320,  30.5970,      10.
 10043, 113.5610,  30.5710,      10.
 10044, 113.4840,  30.5470,      10.
 10045, 113.4060,  30.5290,      10.
 10046, 113.3290,  30.5130,       9.
 10047, 113.2580,  30.4940,       6.
 10048, 113.1920,  30.4700,       2.
 10049, 113.1290,  30.4410,       0.
 10050, 113.0710,  30.4100,       1.
 10051, 113.0180,  30.3780,       6.
 10052, 112.9810,  30.3580,      11.
 10053, 112.9720,  30.3620,      15.
 10054, 112.9930,  30.3890,      21.
 10055, 113.0400,  30.4430,      27.
 10056, 113.1030,  30.5180,      31.
 10057, 113.1920,  30.6160,      35.
 10058, 113.3080,  30.7420,      38.
 10059, 113.4270,  30.9120,      48.
 10060, 113.5200,  31.1380,      76.
 10061, 113.5920,  31.3690,     118.
 10062, 113.6560,  31.5730,     134.
 10063, 113.7530,  31.7680,     248.
 10064, 113.9400,  31.9770,     388.
 10065, 114.1600,  32.1490,     260.
 10066, 114.4280,  32.3000,     199.
 10067, 114.7200,  32.4520,     166.
 10068, 115.0200,  32.6150,     157.
 10069, 115.3210,  32.8400,     157.
 10070, 115.6160,  33.1020,     164.
 10071, 115.8810,  33.3640,     168.
 10072, 116.1040,  33.6900,     183.
 10073, 116.3060,  34.0600,     187.
 10074, 116.4680,  34.4070,     222.
 10075, 116.5670,  34.7710,     280.
 10076, 116.6270,  35.1440,     309.
 10077, 116.6770,  35.5020,     334.
 10078, 116.7190,  35.8560,     420.
 10079, 116.7420,  36.2230,     541.
 10080, 116.7670,  36.5980,     521.
 10081, 116.8010,  36.9560,     489.
 10082, 116.8210,  37.3240,     470.
 10083, 116.8380,  37.7170,     476.
 10084, 116.8700,  38.1320,     484.
 11000, 113.9420,  30.9070,      10.
 11041, 113.9050,  30.8560,      10.
 11042, 113.8560,  30.8140,      10.
 11043, 113.7970,  30.7760,      10.
 11044, 113.7290,  30.7350,      10.
 11045, 113.6540,  30.6930,       9.
 11046, 113.5790,  30.6530,       8.
 11047, 113.5060,  30.6140,       6.
 11048, 113.4370,  30.5720,       4.
 11049, 113.3760,  30.5290,       2.
 11050, 113.3260,  30.4850,       2.
 11051, 113.2870,  30.4420,       3.
 11052, 113.2630,  30.4160,       5.
 11053, 113.2570,  30.4200,       6.
 11054, 113.2710,  30.4540,       9.
 11055, 113.3050,  30.5110,      12.
 11056, 113.3630,  30.5870,      15.
 11057, 113.4580,  30.6830,      16.
 11058, 113.5720,  30.8050,      17.
 11059, 113.6700,  30.9600,      20.
 11060, 113.7450,  31.1370,      28.
 11061, 113.8100,  31.3230,      56.
 11062, 113.8670,  31.5040,     100.
 11063, 113.9300,  31.6800,     195.
 11064, 114.0530,  31.8680,     327.
 11065, 114.2490,  32.0340,     229.
 11066, 114.4430,  32.1940,     138.
 11067, 114.6420,  32.3630,     107.
 11068, 114.8430,  32.5280,      90.
 11069, 115.0420,  32.7250,      89.
 11070, 115.2360,  32.9550,      89.
 11071, 115.4140,  33.1830,      91.
 11072, 115.5550,  33.4180,      94.
 11073, 115.6810,  33.6630,      95.
 11074, 115.8080,  33.9090,      96.
 11075, 115.9200,  34.1680,      95.
 11076, 116.0100,  34.4440,      96.
 11077, 116.0860,  34.7420,      96.
 11078, 116.1480,  35.0490,      96.
 11079, 116.1910,  35.3770,      96.
 11080, 116.2210,  35.7330,      98.
 11081, 116.2500,  36.0880,     157.
 11082, 116.2850,  36.4490,     109.
 11083, 116.3190,  36.8100,      99.
 11084, 116.3540,  37.1790,      99.
 11085, 116.3940,  37.5690,      96.
 11086, 116.3980,  37.9840,      91.
 11087, 116.3400,  38.4160,      89.
 11088, 116.2490,  38.8470,      93.
 12000, 113.9420,  30.9070,      10.
 12045, 113.8710,  30.8520,       4.
 12046, 113.7940,  30.8020,       1.
 12047, 113.7180,  30.7630,       0.
 12048, 113.6430,  30.7310,       0.
 12049, 113.5730,  30.7010,       0.
 12050, 113.5180,  30.6660,       1.
 12051, 113.4750,  30.6270,       5.
 12052, 113.4460,  30.6020,      10.
 12053, 113.4320,  30.6070,      15.
 12054, 113.4390,  30.6420,      21.
 12055, 113.4790,  30.7000,      28.
 12056, 113.5630,  30.7800,      35.
 12057, 113.6780,  30.8950,      43.
 12058, 113.8010,  31.0400,      52.
 12059, 113.9070,  31.1980,      75.
 12060, 114.0060,  31.3720,     128.
 12061, 114.1000,  31.5490,     197.
 12062, 114.1920,  31.7240,     291.
 12063, 114.3180,  31.8780,     357.
 12064, 114.5180,  31.9880,     302.
 12065, 114.7730,  32.0840,     220.
 12066, 115.0810,  32.1710,     174.
 12067, 115.4170,  32.2520,     156.
 12068, 115.6960,  32.3710,     142.
 12069, 115.9300,  32.5500,     140.
 12070, 116.1790,  32.7520,     139.
 12071, 116.4050,  32.9680,     133.
 12072, 116.5420,  33.2640,     119.
 12073, 116.6430,  33.5900,     106.
 12074, 116.7210,  33.8770,     100.
 12075, 116.7380,  34.1640,     100.
 12076, 116.7140,  34.4760,     100.
 12077, 116.7060,  34.7990,     100.
 12078, 116.7120,  35.1240,     106.
 12079, 116.7180,  35.4700,     121.
 12080, 116.7090,  35.8320,     169.
 12081, 116.6960,  36.1940,     272.
 12082, 116.7130,  36.5740,     241.
 12083, 116.7350,  36.9360,     204.
 12084, 116.7460,  37.3150,     202.
 12085, 116.7700,  37.7290,     202.
 12086, 116.7390,  38.1680,     202.
 12087, 116.6520,  38.6350,     202.
 12088, 116.5540,  39.1030,     211.
 12089, 116.4290,  39.5310,     222.
 12090, 116.2200,  39.9230,     297.
 12091, 115.9550,  40.3280,     897.
 12092, 115.7680,  40.9380,    1318.
 13000, 113.9420,  30.9070,      10.
 13049, 113.8730,  30.8940,      10.
 13050, 113.8160,  30.8880,      10.
 13051, 113.7700,  30.8900,       8.
 13052, 113.7410,  30.9000,       7.
 13053, 113.7350,  30.9210,       6.
 13054, 113.7530,  30.9540,       6.
 13055, 113.8050,  31.0080,       8.
 13056, 113.8900,  31.0850,      16.
 13057, 113.9980,  31.1830,      44.
 13058, 114.1120,  31.3080,      84.
 13059, 114.2190,  31.4560,     114.
 13060, 114.3120,  31.6180,     146.
 13061, 114.3930,  31.7770,     172.
 13062, 114.4770,  31.9070,     146.
 13063, 114.5700,  32.0090,      94.
 13064, 114.6820,  32.0990,      54.
 13065, 114.8100,  32.1860,      33.
 13066, 114.9400,  32.2730,      19.
 13067, 115.0650,  32.3580,      13.
 13068, 115.1830,  32.4510,      12.
 13069, 115.2870,  32.5700,      12.
 13070, 115.3730,  32.7070,      12.
 13071, 115.4410,  32.8460,      12.
 13072, 115.4890,  32.9900,      12.
 13073, 115.5260,  33.1340,      12.
 13074, 115.5680,  33.2710,      12.
 13075, 115.6170,  33.4070,      12.
 13076, 115.6690,  33.5560,      12.
 13077, 115.7200,  33.7400,      12.
 13078, 115.7700,  33.9640,      12.
 13079, 115.8180,  34.2220,      12.
 13080, 115.8590,  34.4970,      12.
 13081, 115.8860,  34.7850,       8.
 13082, 115.9120,  35.0860,       3.
 13083, 115.9450,  35.3970,       0.
 13084, 115.9780,  35.7090,       0.
 13085, 116.0140,  36.0150,       0.
 13086, 116.0690,  36.2940,       0.
 13087, 116.1420,  36.5500,       0.
 13088, 116.2100,  36.8020,       0.
 13089, 116.2560,  37.0400,       0.
 13090, 116.2950,  37.2610,       0.
 13091, 116.3350,  37.4890,       0.
 13092, 116.3790,  37.7090,       0.
 13093, 116.4320,  37.8830,       0.
 13094, 116.5010,  38.0060,       0.
 13095, 116.5960,  38.1110,       0.
 13096, 116.7260,  38.2290,       0.
 14000, 113.9420,  30.9070,      10.
 14053, 113.9470,  30.9410,      13.
 14054, 113.9880,  30.9970,      21.
 14055, 114.0600,  31.0740,      38.
 14056, 114.1550,  31.1690,      67.
 14057, 114.2630,  31.2880,      82.
 14058, 114.3720,  31.4210,     101.
 14059, 114.4710,  31.5660,     147.
 14060, 114.5600,  31.7190,     151.
 14061, 114.6540,  31.8490,      98.
 14062, 114.7760,  31.9420,      53.
 14063, 114.9330,  32.0030,      33.
 14064, 115.1220,  32.0480,      28.
 14065, 115.3060,  32.0930,      19.
 14066, 115.4770,  32.1300,      14.
 14067, 115.6300,  32.1660,      14.
 14068, 115.7530,  32.2230,      14.
 14069, 115.8560,  32.3290,      14.
 14070, 115.9490,  32.4610,      14.
 14071, 116.0310,  32.5970,      14.
 14072, 116.0830,  32.7420,      14.
 14073, 116.1050,  32.8980,      14.
 14074, 116.1100,  33.0580,      14.
 14075, 116.1100,  33.2200,      14.
 14076, 116.1160,  33.3970,      14.
 14077, 116.1270,  33.6020,      14.
 14078, 116.1420,  33.8380,      14.
 14079, 116.1590,  34.1000,      14.
 14080, 116.1720,  34.3820,      14.
 14081, 116.1770,  34.6790,      14.
 14082, 116.1850,  34.9790,      11.
 14083, 116.2050,  35.2830,       7.
 14084, 116.2250,  35.5940,       0.
 14085, 116.2470,  35.9010,      13.
 14086, 116.3150,  36.2450,      58.
 14087, 116.4090,  36.5480,      31.
 14088, 116.4870,  36.8150,      22.
 14089, 116.5350,  37.0680,      22.
 14090, 116.5610,  37.2780,      22.
 14091, 116.5880,  37.4750,      22.
 14092, 116.6290,  37.6770,      22.
 14093, 116.6810,  37.8570,      22.
 14094, 116.7520,  37.9960,      19.
 14095, 116.8470,  38.1110,      14.
 14096, 116.9710,  38.2370,      11.
 14097, 117.1580,  38.3700,      12.
 14098, 117.4320,  38.4720,      14.
 14099, 117.8170,  38.5830,      14.
 14100, 118.2990,  38.7290,      24.
 15000, 113.9420,  30.9070,      10.
 15057, 114.0270,  30.9910,      24.
 15058, 114.1240,  31.0930,      54.
 15059, 114.2100,  31.2170,      83.
 15060, 114.2760,  31.3480,     107.
 15061, 114.3330,  31.5000,     143.
 15062, 114.3890,  31.6630,     191.
 15063, 114.4470,  31.8030,     212.
 15064, 114.5410,  31.9240,     174.
 15065, 114.6810,  32.0460,     107.
 15066, 114.8330,  32.1710,      65.
 15067, 114.9930,  32.2900,      44.
 15068, 115.1440,  32.4090,      37.
 15069, 115.2790,  32.5580,      37.
 15070, 115.3960,  32.7330,      37.
 15071, 115.4930,  32.9170,      37.
 15072, 115.5640,  33.1080,      37.
 15073, 115.6190,  33.2920,      37.
 15074, 115.6800,  33.4690,      37.
 15075, 115.7480,  33.6440,      37.
 15076, 115.8140,  33.8360,      37.
 15077, 115.8710,  34.0680,      37.
 15078, 115.9160,  34.3400,      37.
 15079, 115.9540,  34.6380,      37.
 15080, 115.9890,  34.9440,      36.
 15081, 116.0060,  35.2780,      36.
 15082, 116.0140,  35.6330,      36.
 15083, 116.0360,  35.9740,      39.
 15084, 116.0710,  36.3130,      30.
 15085, 116.1140,  36.6190,      14.
 15086, 116.1580,  36.9040,       9.
 15087, 116.1900,  37.1920,       7.
 15088, 116.2060,  37.4960,       7.
 15089, 116.2190,  37.8180,       7.
 15090, 116.2300,  38.1540,       7.
 15091, 116.2140,  38.4830,       6.
 15092, 116.1730,  38.7920,       6.
 15093, 116.1490,  39.0640,       6.
 15094, 116.1200,  39.3070,      12.
 15095, 116.0380,  39.5530,      48.
 15096, 115.7620,  39.9810,     757.
 15097, 115.3010,  40.4590,    1060.
 15098, 114.8840,  40.9720,    1370.
 15099, 114.3140,  41.3850,    1790.
 15100, 113.7340,  41.7620,    2004.
 15101, 113.1380,  42.1010,    2091.
 15102, 112.6320,  42.4010,    1948.
 15103, 112.0930,  42.7050,    2010.
 15104, 111.5820,  43.0240,    1988.
 16000, 113.9420,  30.9070,      10.
 16061, 113.9760,  31.0510,      25.
 16062, 114.0060,  31.2280,      54.
 16063, 114.0370,  31.4140,     106.
 16064, 114.0960,  31.5870,     187.
 16065, 114.2330,  31.7700,     270.
 16066, 114.4590,  31.9450,     225.
 16067, 114.6900,  32.1110,     143.
 16068, 114.9000,  32.2840,     102.
 16069, 115.0910,  32.4780,      94.
 16070, 115.2750,  32.7140,      94.
 16071, 115.4520,  32.9650,      95.
 16072, 115.5980,  33.2300,     100.
 16073, 115.7180,  33.4960,     103.
 16074, 115.8380,  33.7550,     106.
 16075, 115.9440,  34.0200,     106.
 16076, 116.0290,  34.3090,     106.
 16077, 116.0990,  34.6220,     108.
 16078, 116.1570,  34.9440,     108.
 16079, 116.1980,  35.2750,     108.
 16080, 116.2250,  35.6380,     110.
 16081, 116.2470,  36.0020,     165.
 16082, 116.2800,  36.3720,     160.
 16083, 116.3150,  36.7480,     145.
 16084, 116.3490,  37.1280,     145.
 16085, 116.3910,  37.5330,     144.
 16086, 116.3960,  37.9680,     137.
 16087, 116.3370,  38.4230,     137.
 16088, 116.2430,  38.8770,     145.
 16089, 116.1180,  39.2870,     179.
 16090, 115.8960,  39.6990,     465.
 16091, 115.5820,  40.2820,    1135.
 16092, 115.3980,  40.9190,    1451.
 16093, 115.1540,  41.5990,    2048.
 16094, 114.8560,  42.1990,    2478.
 16095, 114.5730,  42.6950,    2668.
 16096, 114.2340,  43.1320,    2922.
 16097, 113.8620,  43.5000,    3029.
 16098, 113.6240,  43.8690,    3152.
 16099, 113.4060,  44.2520,    3196.
 16100, 113.1710,  44.6090,    3232.
 16101, 112.9600,  44.9550,    3177.
 16102, 112.7110,  45.2900,    3393.
 16103, 112.4490,  45.6110,    3627.
 16104, 112.2110,  45.8650,    3632.
 16105, 111.9980,  46.0670,    3596.
 16106, 111.7720,  46.2060,    3529.
 16107, 111.5090,  46.3280,    3436.
 16108, 111.2080,  46.4270,    3324.
 17000, 113.9420,  30.9070,      10.
 17065, 113.9670,  31.0840,      31.
 17066, 114.0450,  31.2800,      86.
 17067, 114.1790,  31.4720,     186.
 17068, 114.3780,  31.6840,     231.
 17069, 114.6130,  31.8990,     149.
 17070, 114.8160,  32.0910,      86.
 17071, 114.9860,  32.2890,      72.
 17072, 115.1450,  32.5100,      72.
 17073, 115.2820,  32.7460,      72.
 17074, 115.3970,  32.9850,      72.
 17075, 115.5030,  33.2200,      74.
 17076, 115.6050,  33.4560,      76.
 17077, 115.6900,  33.7140,      76.
 17078, 115.7620,  34.0130,      76.
 17079, 115.8250,  34.3480,      77.
 17080, 115.8740,  34.6950,      78.
 17081, 115.9040,  35.0580,      78.
 17082, 115.9270,  35.4510,      78.
 17083, 115.9570,  35.8380,      80.
 17084, 115.9950,  36.2160,      76.
 17085, 116.0460,  36.5820,      64.
 17086, 116.1050,  36.9410,      59.
 17087, 116.1440,  37.3110,      57.
 17088, 116.1650,  37.7150,      57.
 17089, 116.1820,  38.1530,      57.
 17090, 116.1470,  38.5960,      81.
 17091, 116.0660,  39.0040,     110.
 17092, 115.9810,  39.3980,     198.
 17093, 115.7370,  39.8700,     805.
 17094, 115.3040,  40.4770,    1477.
 17095, 114.8990,  41.0640,    1780.
 17096, 114.3090,  41.5610,    2174.
 17097, 113.7350,  42.0980,    2605.
 17098, 113.1920,  42.4750,    2828.
 17099, 112.5950,  42.7710,    2871.
 17100, 112.0660,  43.1830,    2991.
 17101, 111.6420,  43.5410,    2876.
 17102, 111.2270,  43.8790,    2876.
 17103, 110.7380,  44.2580,    3131.
 17104, 110.3330,  44.6210,    3237.
 17105, 109.9880,  44.9970,    3273.
 17106, 109.6450,  45.3770,    3316.
 17107, 109.2260,  45.7640,    3352.
 17108, 108.7690,  46.2170,    3525.
 17109, 108.3300,  46.7060,    3763.
 17110, 107.9020,  47.1850,    3837.
 17111, 107.5800,  47.6810,    3817.
 17112, 107.3500,  48.2180,    3762.
 18000, 113.9420,  30.9070,      10.
 18069, 114.0160,  31.0290,      16.
 18070, 114.1120,  31.1610,      46.
 18071, 114.2540,  31.3340,     101.
 18072, 114.4550,  31.5660,     178.
 18073, 114.6860,  31.8440,     115.
 18074, 114.8360,  32.0730,      40.
 18075, 114.9560,  32.2770,      31.
 18076, 115.0680,  32.4770,      30.
 18077, 115.1780,  32.6900,      30.
 18078, 115.2920,  32.9270,      30.
 18079, 115.4000,  33.2040,      30.
 18080, 115.5070,  33.5010,      30.
 18081, 115.6100,  33.7960,      31.
 18082, 115.7090,  34.1200,      31.
 18083, 115.8130,  34.4700,      32.
 18084, 115.9190,  34.8180,      28.
 18085, 116.0050,  35.1560,      19.
 18086, 116.0800,  35.4800,      15.
 18087, 116.1570,  35.7930,      16.
 18088, 116.2670,  36.1380,      73.
 18089, 116.4200,  36.4870,      52.
 18090, 116.5620,  36.7740,      45.
 18091, 116.6610,  37.0400,      45.
 18092, 116.7310,  37.2950,      45.
 18093, 116.8070,  37.5280,      45.
 18094, 116.9040,  37.7080,      43.
 18095, 117.0240,  37.8220,      40.
 18096, 117.1620,  37.8910,      29.
 18097, 117.3400,  37.9580,      18.
 18098, 117.5830,  38.0510,      12.
 18099, 117.9680,  38.1790,       6.
 18100, 118.4320,  38.3570,       5.
 18101, 118.8510,  38.5820,       6.
 18102, 119.2140,  38.8410,       2.
 18103, 119.5520,  39.1290,       0.
 18104, 119.8380,  39.3800,       0.
 18105, 120.0630,  39.5530,       1.
 18106, 120.2400,  39.6440,       2.
 18107, 120.3960,  39.6640,       8.
 18108, 120.5390,  39.6220,      23.
 18109, 120.6440,  39.5280,      33.
 18110, 120.7240,  39.3700,      19.
 18111, 120.7620,  39.1690,       7.
 18112, 120.7240,  38.9040,       1.
 18113, 120.6520,  38.6080,       0.
 18114, 120.6010,  38.3030,       0.
 18115, 120.5720,  38.0050,       6.
 18116, 120.5660,  37.7400,      64.
 19000, 113.9420,  30.9070,      10.
 19073, 114.0480,  31.0570,      18.
 19074, 114.1640,  31.2400,      50.
 19075, 114.2760,  31.4550,      66.
 19076, 114.4100,  31.7120,      81.
 19077, 114.5380,  31.9670,       8.
 19078, 114.6600,  32.1930,       0.
 19079, 114.8030,  32.4230,       0.
 19080, 114.9380,  32.6710,       0.
 19081, 115.0740,  32.9440,       0.
 19082, 115.2080,  33.2400,       0.
 19083, 115.3380,  33.5430,       0.
 19084, 115.4760,  33.8540,       0.
 19085, 115.6090,  34.1750,       0.
 19086, 115.7250,  34.4960,       0.
 19087, 115.8340,  34.8140,       0.
 19088, 115.9330,  35.1240,       0.
 19089, 116.0170,  35.4230,       0.
 19090, 116.0910,  35.7150,       0.
 19091, 116.1730,  35.9940,      21.
 19092, 116.2900,  36.2270,      22.
 19093, 116.3660,  36.3650,       0.
 19094, 116.4020,  36.5200,       0.
 19095, 116.4620,  36.6680,       0.
 19096, 116.5470,  36.7960,       0.
 19097, 116.6510,  36.9060,       1.
 19098, 116.7640,  37.0360,       4.
 19099, 116.9150,  37.2090,       6.
 19100, 117.0610,  37.3760,       7.
 19101, 117.1000,  37.4810,       8.
 19102, 117.0180,  37.5440,       8.
 19103, 116.8780,  37.5910,       7.
 19104, 116.7210,  37.5970,       5.
 19105, 116.5210,  37.5200,       5.
 19106, 116.3140,  37.3650,       5.
 19107, 116.1320,  37.1440,       8.
 19108, 115.9620,  36.8630,      14.
 19109, 115.8150,  36.5490,      17.
 19110, 115.7140,  36.2370,      20.
 19111, 115.6480,  35.9280,      21.
 19112, 115.5990,  35.6330,      21.
 19113, 115.5710,  35.3700,      21.
 19114, 115.5710,  35.1470,      21.
 19115, 115.5680,  34.9340,      21.
 19116, 115.5480,  34.7200,      24.
 19117, 115.5230,  34.5130,      20.
 19118, 115.5150,  34.3330,      12.
 19119, 115.5240,  34.1660,       9.
 19120, 115.5390,  33.9980,       9.
 20000, 113.9420,  30.9070,      10.
 20077, 114.0040,  31.0530,      21.
 20078, 114.0680,  31.1860,      49.
 20079, 114.1460,  31.3410,      98.
 20080, 114.2510,  31.5360,     130.
 20081, 114.3930,  31.7340,     139.
 20082, 114.5460,  31.9270,      80.
 20083, 114.6700,  32.1360,      32.
 20084, 114.7470,  32.3200,      11.
 20085, 114.8150,  32.5410,       0.
 20086, 114.8800,  32.8120,       0.
 20087, 114.9310,  33.0840,       0.
 20088, 114.9790,  33.3330,       0.
 20089, 115.0420,  33.6030,       0.
 20090, 115.1040,  33.8730,       0.
 20091, 115.1450,  34.1170,       0.
 20092, 115.1790,  34.3400,       0.
 20093, 115.1880,  34.5550,       0.
 20094, 115.1850,  34.7490,       0.
 20095, 115.1970,  34.9350,       0.
 20096, 115.2460,  35.1250,       0.
 20097, 115.2700,  35.2720,       0.
 20098, 115.2110,  35.3780,       0.
 20099, 115.1150,  35.5640,       0.
 20100, 114.9900,  35.7630,       9.
 20101, 114.8500,  35.8120,      21.
 20102, 114.7100,  35.7150,      22.
 20103, 114.5490,  35.5180,      21.
 20104, 114.3690,  35.2930,      20.
 20105, 114.1720,  35.0510,      29.
 20106, 113.9650,  34.7830,      47.
 20107, 113.7610,  34.4830,      78.
 20108, 113.5750,  34.1550,      44.
 20109, 113.4250,  33.8780,       7.
 20110, 113.2910,  33.6350,       4.
 20111, 113.1140,  33.3760,      90.
 20112, 112.9570,  33.1400,      76.
 20113, 112.8760,  32.9530,      32.
 20114, 112.8360,  32.7530,      15.
 20115, 112.8420,  32.4910,      68.
 20116, 112.9000,  32.1490,     136.
 20117, 112.9450,  31.8780,      91.
 20118, 112.9360,  31.5730,     134.
 20119, 112.9360,  31.1890,     164.
 20120, 112.9830,  30.8670,      92.
 20121, 113.0300,  30.6370,      40.
 20122, 113.0640,  30.4250,      39.
 20123, 113.0920,  30.2090,      42.
 20124, 113.1000,  29.9960,      43.
END
