  1000, 113.9460,  30.9000,      10.
  1001, 113.8980,  30.7800,      15.
  1002, 113.8440,  30.6520,      20.
  1003, 113.7830,  30.5150,      21.
  1004, 113.7100,  30.3720,      23.
  1005, 113.6270,  30.2260,      27.
  1006, 113.5440,  30.0770,      32.
  1007, 113.4570,  29.9260,      40.
  1008, 113.3730,  29.7780,      56.
  1009, 113.2990,  29.6330,      72.
  1010, 113.2360,  29.4780,      89.
  1011, 113.1850,  29.3100,     101.
  1012, 113.1480,  29.1400,      99.
  1013, 113.1340,  28.9690,     110.
  1014, 113.1450,  28.8060,     142.
  1015, 113.1690,  28.6520,     190.
  1016, 113.1850,  28.5020,     234.
  1017, 113.1940,  28.3450,     255.
  1018, 113.2110,  28.1840,     247.
  1019, 113.2270,  28.0340,     248.
  1020, 113.2260,  27.8980,     255.
  1021, 113.2110,  27.7760,     248.
  1022, 113.1890,  27.6570,     246.
  1023, 113.1700,  27.5420,     274.
  1024, 113.1550,  27.4330,     328.
  1025, 113.1440,  27.3330,     374.
  1026, 113.1390,  27.2450,     398.
  1027, 113.1380,  27.1710,     406.
  1028, 113.1370,  27.1140,     402.
  1029, 113.1300,  27.0670,     386.
  1030, 113.1130,  27.0250,     361.
  1031, 113.0890,  26.9850,     341.
  1032, 113.0660,  26.9510,     330.
  1033, 113.0480,  26.9230,     322.
  1034, 113.0310,  26.9040,     316.
  1035, 113.0090,  26.8960,     312.
  1036, 112.9820,  26.9000,     312.
  1037, 112.9620,  26.9160,     316.
  1038, 112.9610,  26.9450,     319.
  1039, 112.9810,  26.9880,     320.
  1040, 113.0100,  27.0450,     321.
  1041, 113.0350,  27.1130,     324.
  1042, 113.0550,  27.1890,     329.
  1043, 113.0620,  27.2690,     332.
  1044, 113.0500,  27.3500,     326.
  1045, 113.0240,  27.4270,     319.
  1046, 113.0030,  27.5020,     319.
  1047, 113.0060,  27.5800,     328.
  1048, 113.0380,  27.6570,     342.
  2000, 113.9460,  30.9000,      10.
  2005, 113.8830,  30.7740,      12.
  2006, 113.8160,  30.6400,      16.
  2007, 113.7400,  30.4990,      20.
  2008, 113.6560,  30.3570,      22.
  2009, 113.5700,  30.2160,      23.
  2010, 113.4830,  30.0740,      22.
  2011, 113.3990,  29.9300,      19.
  2012, 113.3230,  29.7850,      17.
  2013, 113.2620,  29.6340,      17.
  2014, 113.2300,  29.4780,      23.
  2015, 113.2310,  29.3180,      31.
  2016, 113.2670,  29.1690,      42.
  2017, 113.3260,  29.0390,      74.
  2018, 113.3950,  28.9130,     131.
  2019, 113.4460,  28.7910,     170.
  2020, 113.4680,  28.6780,     180.
  2021, 113.4690,  28.5670,     185.
  2022, 113.4600,  28.4560,     189.
  2023, 113.4600,  28.3550,     191.
  2024, 113.4760,  28.2710,     190.
  2025, 113.4990,  28.2050,     189.
  2026, 113.5200,  28.1420,     194.
  2027, 113.5380,  28.0710,     215.
  2028, 113.5480,  28.0000,     251.
  2029, 113.5470,  27.9340,     281.
  2030, 113.5390,  27.8770,     292.
  2031, 113.5310,  27.8300,     293.
  2032, 113.5300,  27.7930,     296.
  2033, 113.5340,  27.7650,     311.
  2034, 113.5380,  27.7440,     334.
  2035, 113.5350,  27.7250,     345.
  2036, 113.5240,  27.7050,     340.
  2037, 113.5110,  27.6890,     331.
  2038, 113.5090,  27.6830,     327.
  2039, 113.5180,  27.6860,     326.
  2040, 113.5350,  27.6950,     319.
  2041, 113.5520,  27.7090,     298.
  2042, 113.5700,  27.7280,     265.
  2043, 113.5970,  27.7530,     230.
  2044, 113.6450,  27.7830,     211.
  2045, 113.7130,  27.8170,     208.
  2046, 113.7970,  27.8460,     217.
  2047, 113.8970,  27.8620,     242.
  2048, 114.0300,  27.8590,     282.
  2049, 114.1850,  27.8490,     349.
  2050, 114.3480,  27.8670,     420.
  2051, 114.5140,  27.9360,     462.
  2052, 114.6660,  28.0490,     465.
  3000, 113.9460,  30.9000,      10.
  3009, 113.8570,  30.7680,       7.
  3010, 113.7700,  30.6320,       3.
  3011, 113.6930,  30.4940,       0.
  3012, 113.6220,  30.3570,       0.
  3013, 113.5570,  30.2180,       0.
  3014, 113.5020,  30.0770,       0.
  3015, 113.4620,  29.9390,       0.
  3016, 113.4390,  29.8110,       0.
  3017, 113.4340,  29.6970,       6.
  3018, 113.4470,  29.5930,      29.
  3019, 113.4700,  29.4690,      98.
  3020, 113.4730,  29.3110,     179.
  3021, 113.4600,  29.1420,     229.
  3022, 113.4390,  28.9520,     274.
  3023, 113.4080,  28.7550,     301.
  3024, 113.3780,  28.5700,     312.
  3025, 113.3600,  28.4050,     328.
  3026, 113.3580,  28.2660,     327.
  3027, 113.3700,  28.1450,     332.
  3028, 113.3840,  28.0410,     374.
  3029, 113.3870,  27.9570,     448.
  3030, 113.3800,  27.8950,     515.
  3031, 113.3720,  27.8460,     562.
  3032, 113.3700,  27.8090,     600.
  3033, 113.3730,  27.7810,     642.
  3034, 113.3860,  27.7590,     683.
  3035, 113.4130,  27.7410,     714.
  3036, 113.4540,  27.7210,     732.
  3037, 113.5040,  27.7090,     744.
  3038, 113.5650,  27.7110,     758.
  3039, 113.6400,  27.7260,     777.
  3040, 113.7160,  27.7470,     774.
  3041, 113.7820,  27.7690,     732.
  3042, 113.8400,  27.7930,     684.
  3043, 113.9070,  27.8090,     660.
  3044, 113.9940,  27.8090,     669.
  3045, 114.0950,  27.7960,     688.
  3046, 114.2200,  27.7840,     720.
  3047, 114.3770,  27.8130,     784.
  3048, 114.5540,  27.9060,     883.
  3049, 114.7400,  28.0450,     950.
  3050, 114.8960,  28.2070,     917.
  3051, 114.9880,  28.3690,     806.
  3052, 115.0160,  28.5000,     708.
  3053, 115.0410,  28.6250,     685.
  3054, 115.1050,  28.7680,     698.
  3055, 115.1830,  28.9130,     723.
  3056, 115.2650,  29.0470,     807.
  4000, 113.9460,  30.9000,      10.
  4013, 113.8870,  30.7610,       0.
  4014, 113.8500,  30.6260,       0.
  4015, 113.8400,  30.4990,       0.
  4016, 113.8470,  30.3880,       0.
  4017, 113.8520,  30.2910,       0.
  4018, 113.8570,  30.1990,       0.
  4019, 113.8540,  30.1140,       0.
  4020, 113.8350,  30.0340,       0.
  4021, 113.8010,  29.9600,       1.
  4022, 113.7660,  29.8900,       4.
  4023, 113.7420,  29.8240,       7.
  4024, 113.7230,  29.7600,      12.
  4025, 113.6980,  29.6950,      21.
  4026, 113.6600,  29.6250,      39.
  4027, 113.6120,  29.5550,      67.
  4028, 113.5570,  29.4850,     100.
  4029, 113.4940,  29.4120,     126.
  4030, 113.4270,  29.3380,     137.
  4031, 113.3620,  29.2720,     143.
  4032, 113.3020,  29.2180,     146.
  4033, 113.2520,  29.1760,     148.
  4034, 113.2130,  29.1400,     150.
  4035, 113.1830,  29.1050,     156.
  4036, 113.1640,  29.0730,     162.
  4037, 113.1530,  29.0390,     165.
  4038, 113.1480,  28.9990,     164.
  4039, 113.1490,  28.9520,     161.
  4040, 113.1540,  28.9040,     159.
  4041, 113.1580,  28.8630,     158.
  4042, 113.1590,  28.8310,     158.
  4043, 113.1580,  28.8030,     155.
  4044, 113.1620,  28.7760,     146.
  4045, 113.1800,  28.7500,     134.
  4046, 113.2290,  28.7200,     135.
  4047, 113.3360,  28.6870,     153.
  4048, 113.4940,  28.6610,     171.
  4049, 113.6540,  28.6570,     216.
  4050, 113.8150,  28.6900,     334.
  4051, 114.0530,  28.7990,     552.
  4052, 114.3200,  28.9420,     791.
  4053, 114.5920,  29.0960,     989.
  4054, 114.8710,  29.2600,    1042.
  4055, 115.1660,  29.4480,    1002.
  4056, 115.4180,  29.6380,    1028.
  4057, 115.6590,  29.8150,    1035.
  4058, 115.9250,  30.0000,    1082.
  4059, 116.2310,  30.2010,    1159.
  4060, 116.5860,  30.4140,    1270.
  5000, 113.9460,  30.9000,      10.
  5017, 113.9370,  30.7860,       2.
  5018, 113.9270,  30.6900,       0.
  5019, 113.9120,  30.5990,       0.
  5020, 113.8920,  30.5050,       0.
  5021, 113.8630,  30.4080,       0.
  5022, 113.8280,  30.3110,       0.
  5023, 113.7990,  30.2180,       0.
  5024, 113.7760,  30.1320,       0.
  5025, 113.7510,  30.0520,       0.
  5026, 113.7200,  29.9730,       0.
  5027, 113.6790,  29.8950,       1.
  5028, 113.6280,  29.8220,       0.
  5029, 113.5710,  29.7540,       0.
  5030, 113.5130,  29.6880,       0.
  5031, 113.4560,  29.6270,       0.
  5032, 113.3990,  29.5760,       0.
  5033, 113.3400,  29.5320,       0.
  5034, 113.2850,  29.4880,       0.
  5035, 113.2390,  29.4430,       0.
  5036, 113.2030,  29.3990,       0.
  5037, 113.1740,  29.3560,       0.
  5038, 113.1510,  29.3130,       0.
  5039, 113.1350,  29.2700,       0.
  5040, 113.1220,  29.2270,       0.
  5041, 113.1100,  29.1820,       0.
  5042, 113.1010,  29.1360,       0.
  5043, 113.0940,  29.0940,       0.
  5044, 113.0880,  29.0570,       0.
  5045, 113.0800,  29.0270,       0.
  5046, 113.0740,  28.9900,       0.
  5047, 113.0760,  28.9420,       4.
  5048, 113.0880,  28.8850,      16.
  5049, 113.1060,  28.8380,      31.
  5050, 113.1140,  28.8190,      43.
  5051, 113.1050,  28.8300,      49.
  5052, 113.0850,  28.8640,      49.
  5053, 113.0580,  28.9190,      45.
  5054, 113.0250,  29.0040,      40.
  5055, 113.0000,  29.1150,      39.
  5056, 112.9960,  29.2350,      38.
  5057, 113.0110,  29.3660,      38.
  5058, 113.0490,  29.5040,      38.
  5059, 113.1120,  29.6480,      36.
  5060, 113.1900,  29.8010,      27.
  5061, 113.2630,  29.9530,      23.
  5062, 113.3220,  30.1080,      27.
  5063, 113.3630,  30.2780,      28.
  5064, 113.4010,  30.4640,      28.
  6000, 113.9460,  30.9000,      10.
  6021, 113.9330,  30.7960,       3.
  6022, 113.9140,  30.6880,       1.
  6023, 113.8990,  30.5800,       1.
  6024, 113.8960,  30.4730,       1.
  6025, 113.9040,  30.3710,       1.
  6026, 113.9220,  30.2780,       1.
  6027, 113.9540,  30.1970,       1.
  6028, 113.9840,  30.1280,       0.
  6029, 113.9920,  30.0690,       0.
  6030, 113.9750,  30.0200,       0.
  6031, 113.9400,  29.9760,       0.
  6032, 113.8950,  29.9330,       0.
  6033, 113.8420,  29.8950,       1.
  6034, 113.7860,  29.8610,       1.
  6035, 113.7330,  29.8280,       1.
  6036, 113.6860,  29.7920,       1.
  6037, 113.6400,  29.7550,       2.
  6038, 113.5960,  29.7200,       3.
  6039, 113.5550,  29.6830,       5.
  6040, 113.5180,  29.6470,       7.
  6041, 113.4870,  29.6120,       9.
  6042, 113.4600,  29.5790,      12.
  6043, 113.4380,  29.5450,      16.
  6044, 113.4190,  29.5120,      16.
  6045, 113.4000,  29.4810,      14.
  6046, 113.3830,  29.4500,      12.
  6047, 113.3710,  29.4150,      15.
  6048, 113.3640,  29.3740,      23.
  6049, 113.3640,  29.3290,      30.
  6050, 113.3630,  29.2850,      32.
  6051, 113.3590,  29.2410,      29.
  6052, 113.3550,  29.2150,      26.
  6053, 113.3550,  29.2190,      26.
  6054, 113.3630,  29.2520,      32.
  6055, 113.3860,  29.3060,      42.
  6056, 113.4220,  29.3630,      52.
  6057, 113.4680,  29.4170,      60.
  6058, 113.5200,  29.4700,      62.
  6059, 113.5680,  29.5330,      55.
  6060, 113.6130,  29.6110,      41.
  6061, 113.6590,  29.6960,      24.
  6062, 113.7000,  29.7700,       5.
  6063, 113.7320,  29.8390,       0.
  6064, 113.7610,  29.9140,       0.
  6065, 113.7970,  30.0060,       0.
  6066, 113.8390,  30.1230,       0.
  6067, 113.8940,  30.2700,       0.
  6068, 113.9740,  30.4360,       0.
  7000, 113.9460,  30.9000,      10.
  7025, 113.9300,  30.7820,       3.
  7026, 113.9180,  30.6590,       2.
  7027, 113.9170,  30.5370,       2.
  7028, 113.9170,  30.4230,       0.
  7029, 113.9040,  30.3180,       0.
  7030, 113.8750,  30.2160,       0.
  7031, 113.8290,  30.1280,       0.
  7032, 113.7710,  30.0560,       0.
  7033, 113.7050,  29.9920,       4.
  7034, 113.6410,  29.9360,       8.
  7035, 113.5800,  29.8870,      10.
  7036, 113.5190,  29.8400,      13.
  7037, 113.4580,  29.7940,      17.
  7038, 113.3990,  29.7460,      22.
  7039, 113.3440,  29.6930,      24.
  7040, 113.2960,  29.6400,      25.
  7041, 113.2560,  29.5850,      26.
  7042, 113.2230,  29.5300,      26.
  7043, 113.1910,  29.4740,      23.
  7044, 113.1560,  29.4240,      17.
  7045, 113.1160,  29.3790,      11.
  7046, 113.0790,  29.3340,       8.
  7047, 113.0540,  29.2800,       9.
  7048, 113.0490,  29.2150,      16.
  7049, 113.0520,  29.1470,      23.
  7050, 113.0530,  29.0990,      29.
  7051, 113.0490,  29.0800,      34.
  7052, 113.0410,  29.0920,      38.
  7053, 113.0300,  29.1370,      41.
  7054, 113.0230,  29.2160,      41.
  7055, 113.0310,  29.3190,      40.
  7056, 113.0560,  29.4330,      39.
  7057, 113.0950,  29.5480,      39.
  7058, 113.1470,  29.6640,      37.
  7059, 113.2180,  29.7920,      30.
  7060, 113.2930,  29.9310,      26.
  7061, 113.3620,  30.0800,      33.
  7062, 113.4190,  30.2380,      34.
  7063, 113.4590,  30.4180,      34.
  7064, 113.4950,  30.6200,      36.
  7065, 113.5350,  30.8370,      48.
  7066, 113.5890,  31.0550,      58.
  7067, 113.6840,  31.2640,      75.
  7068, 113.8270,  31.4500,     104.
  7069, 113.9920,  31.6210,     188.
  7070, 114.2400,  31.8540,     249.
  7071, 114.5140,  32.1070,     140.
  7072, 114.7620,  32.3490,     120.
  8000, 113.9460,  30.9000,      10.
  8029, 113.8930,  30.7880,       6.
  8030, 113.8290,  30.6860,       3.
  8031, 113.7630,  30.5930,       0.
  8032, 113.6930,  30.5070,       0.
  8033, 113.6160,  30.4270,       0.
  8034, 113.5400,  30.3550,       0.
  8035, 113.4690,  30.2920,       0.
  8036, 113.4020,  30.2370,       0.
  8037, 113.3400,  30.1850,       0.
  8038, 113.2850,  30.1380,       0.
  8039, 113.2360,  30.0950,       0.
  8040, 113.1900,  30.0560,       0.
  8041, 113.1420,  30.0170,       0.
  8042, 113.0940,  29.9790,       0.
  8043, 113.0430,  29.9420,       0.
  8044, 112.9860,  29.9080,       0.
  8045, 112.9210,  29.8760,       0.
  8046, 112.8590,  29.8450,       0.
  8047, 112.8140,  29.8180,       0.
  8048, 112.7910,  29.7980,       2.
  8049, 112.7720,  29.7730,       4.
  8050, 112.7420,  29.7330,      11.
  8051, 112.7020,  29.6850,      21.
  8052, 112.6650,  29.6650,      31.
  8053, 112.6270,  29.6970,      41.
  8054, 112.5850,  29.7840,      52.
  8055, 112.5550,  29.8980,      63.
  8056, 112.5500,  30.0150,      68.
  8057, 112.5630,  30.1460,      70.
  8058, 112.5930,  30.2910,      79.
  8059, 112.6620,  30.4390,      87.
  8060, 112.7660,  30.6070,      87.
  8061, 112.8510,  30.7890,      83.
  8062, 112.9520,  31.0010,     140.
  8063, 113.1280,  31.2800,     336.
  8064, 113.3390,  31.5540,     373.
  8065, 113.5800,  31.7940,     418.
  8066, 113.9110,  32.0320,     617.
  8067, 114.2460,  32.2310,     525.
  8068, 114.5760,  32.4250,     491.
  8069, 114.9170,  32.6620,     439.
  8070, 115.2900,  32.9380,     432.
  8071, 115.6330,  33.2050,     514.
  8072, 115.9200,  33.5190,     546.
  8073, 116.1930,  33.8760,     604.
  8074, 116.4120,  34.2140,     716.
  8075, 116.5810,  34.5430,     872.
  8076, 116.7200,  34.8860,     936.
  9000, 113.9460,  30.9000,      10.
  9033, 113.8560,  30.8180,       7.
  9034, 113.7690,  30.7450,       6.
  9035, 113.6890,  30.6810,       5.
  9036, 113.6120,  30.6260,       5.
  9037, 113.5400,  30.5780,       5.
  9038, 113.4740,  30.5350,       5.
  9039, 113.4140,  30.4960,       5.
  9040, 113.3510,  30.4620,       5.
  9041, 113.2820,  30.4320,       5.
  9042, 113.2070,  30.4060,       5.
  9043, 113.1270,  30.3810,       4.
  9044, 113.0450,  30.3610,       3.
  9045, 112.9580,  30.3450,       0.
  9046, 112.8700,  30.3270,       0.
  9047, 112.7770,  30.3070,       0.
  9048, 112.6770,  30.2930,       0.
  9049, 112.5780,  30.2730,       0.
  9050, 112.4880,  30.2340,       0.
  9051, 112.4070,  30.1760,       0.
  9052, 112.3390,  30.1180,       2.
  9053, 112.2810,  30.0860,       4.
  9054, 112.2280,  30.0820,       7.
  9055, 112.1720,  30.1040,      10.
  9056, 112.1150,  30.1490,      14.
  9057, 112.0570,  30.2120,      24.
  9058, 112.0130,  30.2880,      39.
  9059, 112.0080,  30.3820,      50.
  9060, 112.0460,  30.5140,      65.
  9061, 112.1150,  30.6910,      82.
  9062, 112.2130,  30.9060,     113.
  9063, 112.3250,  31.1480,     164.
  9064, 112.4390,  31.3640,     178.
  9065, 112.6090,  31.5490,     245.
  9066, 112.8570,  31.7230,     369.
  9067, 113.1230,  31.8920,     370.
  9068, 113.4120,  32.0900,     445.
  9069, 113.7410,  32.3000,     436.
  9070, 114.0690,  32.5080,     350.
  9071, 114.3880,  32.7320,     327.
  9072, 114.6950,  32.9710,     343.
  9073, 114.9770,  33.2380,     381.
  9074, 115.2400,  33.5350,     431.
  9075, 115.4760,  33.8530,     492.
  9076, 115.6800,  34.2040,     559.
  9077, 115.8350,  34.5800,     655.
  9078, 115.9410,  34.9660,     768.
  9079, 116.0080,  35.3620,     853.
  9080, 116.0420,  35.7560,     989.
 10000, 113.9460,  30.9000,      10.
 10037, 113.8850,  30.8300,      10.
 10038, 113.8320,  30.7670,      10.
 10039, 113.7890,  30.7100,      10.
 10040, 113.7470,  30.6620,      10.
 10041, 113.6960,  30.6230,      10.
 10042, 113.6350,  30.5920,      10.
 10043, 113.5640,  30.5650,      10.
 10044, 113.4870,  30.5420,      10.
 10045, 113.4090,  30.5240,      10.
 10046, 113.3320,  30.5080,       9.
 10047, 113.2610,  30.4880,       6.
 10048, 113.1940,  30.4640,       2.
 10049, 113.1320,  30.4340,       0.
 10050, 113.0740,  30.4030,       1.
 10051, 113.0220,  30.3710,       6.
 10052, 112.9860,  30.3520,      11.
 10053, 112.9770,  30.3560,      15.
 10054, 112.9980,  30.3840,      21.
 10055, 113.0450,  30.4380,      27.
 10056, 113.1080,  30.5140,      31.
 10057, 113.1970,  30.6110,      34.
 10058, 113.3130,  30.7370,      37.
 10059, 113.4350,  30.9080,      48.
 10060, 113.5270,  31.1330,      74.
 10061, 113.5990,  31.3640,     117.
 10062, 113.6640,  31.5680,     135.
 10063, 113.7610,  31.7640,     251.
 10064, 113.9470,  31.9730,     388.
 10065, 114.1670,  32.1440,     259.
 10066, 114.4330,  32.2950,     196.
 10067, 114.7210,  32.4480,     164.
 10068, 115.0190,  32.6110,     154.
 10069, 115.3160,  32.8370,     154.
 10070, 115.6070,  33.0990,     161.
 10071, 115.8700,  33.3610,     167.
 10072, 116.0910,  33.6850,     180.
 10073, 116.2900,  34.0520,     183.
 10074, 116.4530,  34.3990,     217.
 10075, 116.5530,  34.7640,     278.
 10076, 116.6130,  35.1390,     312.
 10077, 116.6640,  35.4980,     340.
 10078, 116.7080,  35.8540,     425.
 10079, 116.7310,  36.2210,     546.
 10080, 116.7570,  36.5960,     531.
 10081, 116.7910,  36.9540,     504.
 10082, 116.8110,  37.3220,     485.
 10083, 116.8280,  37.7160,     492.
 10084, 116.8610,  38.1310,     503.
 11000, 113.9460,  30.9000,      10.
 11041, 113.9080,  30.8480,      10.
 11042, 113.8590,  30.8070,      10.
 11043, 113.8000,  30.7690,      10.
 11044, 113.7310,  30.7280,      10.
 11045, 113.6560,  30.6860,       9.
 11046, 113.5810,  30.6460,       8.
 11047, 113.5080,  30.6060,       6.
 11048, 113.4400,  30.5630,       3.
 11049, 113.3790,  30.5180,       1.
 11050, 113.3300,  30.4740,       1.
 11051, 113.2900,  30.4320,       2.
 11052, 113.2660,  30.4060,       4.
 11053, 113.2600,  30.4110,       6.
 11054, 113.2720,  30.4460,       9.
 11055, 113.3050,  30.5030,      12.
 11056, 113.3610,  30.5790,      14.
 11057, 113.4530,  30.6750,      14.
 11058, 113.5710,  30.7960,      16.
 11059, 113.6680,  30.9490,      18.
 11060, 113.7420,  31.1280,      25.
 11061, 113.8050,  31.3130,      51.
 11062, 113.8610,  31.4930,      93.
 11063, 113.9210,  31.6680,     181.
 11064, 114.0390,  31.8560,     321.
 11065, 114.2330,  32.0250,     231.
 11066, 114.4220,  32.1870,     134.
 11067, 114.6110,  32.3580,     103.
 11068, 114.8050,  32.5230,      87.
 11069, 114.9990,  32.7170,      86.
 11070, 115.1880,  32.9420,      86.
 11071, 115.3650,  33.1640,      87.
 11072, 115.5040,  33.3930,      90.
 11073, 115.6270,  33.6290,      91.
 11074, 115.7510,  33.8650,      91.
 11075, 115.8670,  34.1130,      91.
 11076, 115.9590,  34.3830,      92.
 11077, 116.0340,  34.6760,      92.
 11078, 116.0990,  34.9810,      92.
 11079, 116.1450,  35.3040,      92.
 11080, 116.1730,  35.6590,      93.
 11081, 116.1990,  36.0150,     132.
 11082, 116.2360,  36.3770,     115.
 11083, 116.2710,  36.7410,     103.
 11084, 116.3070,  37.1110,     103.
 11085, 116.3510,  37.5020,     101.
 11086, 116.3600,  37.9200,      97.
 11087, 116.3100,  38.3560,      96.
 11088, 116.2220,  38.7970,     104.
 12000, 113.9460,  30.9000,      10.
 12045, 113.8740,  30.8440,       4.
 12046, 113.7970,  30.7950,       1.
 12047, 113.7200,  30.7560,       0.
 12048, 113.6450,  30.7230,       0.
 12049, 113.5770,  30.6920,       0.
 12050, 113.5210,  30.6560,       1.
 12051, 113.4780,  30.6170,       5.
 12052, 113.4480,  30.5910,      11.
 12053, 113.4340,  30.5980,      16.
 12054, 113.4390,  30.6340,      23.
 12055, 113.4790,  30.6940,      31.
 12056, 113.5630,  30.7750,      38.
 12057, 113.6790,  30.8910,      47.
 12058, 113.8050,  31.0400,      54.
 12059, 113.9120,  31.1980,      78.
 12060, 114.0110,  31.3750,     132.
 12061, 114.1050,  31.5520,     201.
 12062, 114.1980,  31.7270,     294.
 12063, 114.3250,  31.8800,     358.
 12064, 114.5270,  31.9890,     301.
 12065, 114.7840,  32.0840,     220.
 12066, 115.0940,  32.1690,     175.
 12067, 115.4310,  32.2470,     157.
 12068, 115.7110,  32.3660,     144.
 12069, 115.9460,  32.5450,     142.
 12070, 116.1980,  32.7430,     141.
 12071, 116.4270,  32.9550,     135.
 12072, 116.5650,  33.2490,     118.
 12073, 116.6640,  33.5730,     102.
 12074, 116.7400,  33.8550,      95.
 12075, 116.7550,  34.1350,      94.
 12076, 116.7290,  34.4410,      94.
 12077, 116.7180,  34.7590,      94.
 12078, 116.7220,  35.0820,      98.
 12079, 116.7250,  35.4240,     103.
 12080, 116.7140,  35.7810,     136.
 12081, 116.6960,  36.1390,     234.
 12082, 116.7080,  36.5170,     227.
 12083, 116.7310,  36.8790,     175.
 12084, 116.7370,  37.2510,     172.
 12085, 116.7580,  37.6590,     172.
 12086, 116.7320,  38.0910,     173.
 12087, 116.6440,  38.5460,     173.
 12088, 116.5430,  39.0060,     174.
 12089, 116.4220,  39.4210,     178.
 12090, 116.2240,  39.8070,     205.
 12091, 115.9560,  40.1890,     706.
 12092, 115.7050,  40.7110,    1227.
 13000, 113.9460,  30.9000,      10.
 13049, 113.8770,  30.8860,      10.
 13050, 113.8190,  30.8800,       9.
 13051, 113.7720,  30.8800,       8.
 13052, 113.7410,  30.8900,       6.
 13053, 113.7330,  30.9110,       6.
 13054, 113.7500,  30.9450,       6.
 13055, 113.8000,  30.9990,       8.
 13056, 113.8860,  31.0770,      16.
 13057, 113.9950,  31.1740,      43.
 13058, 114.1100,  31.3020,      84.
 13059, 114.2170,  31.4500,     115.
 13060, 114.3110,  31.6130,     146.
 13061, 114.3910,  31.7730,     172.
 13062, 114.4740,  31.9040,     148.
 13063, 114.5660,  32.0060,      96.
 13064, 114.6780,  32.0970,      56.
 13065, 114.8050,  32.1850,      33.
 13066, 114.9350,  32.2720,      19.
 13067, 115.0600,  32.3580,      13.
 13068, 115.1780,  32.4510,      12.
 13069, 115.2820,  32.5710,      12.
 13070, 115.3670,  32.7080,      12.
 13071, 115.4360,  32.8470,      12.
 13072, 115.4850,  32.9910,      12.
 13073, 115.5220,  33.1340,      12.
 13074, 115.5640,  33.2720,      12.
 13075, 115.6140,  33.4070,      12.
 13076, 115.6660,  33.5570,      12.
 13077, 115.7180,  33.7410,      12.
 13078, 115.7680,  33.9650,      12.
 13079, 115.8160,  34.2230,      12.
 13080, 115.8570,  34.4990,      12.
 13081, 115.8840,  34.7870,       8.
 13082, 115.9100,  35.0880,       3.
 13083, 115.9430,  35.3980,       0.
 13084, 115.9760,  35.7110,       0.
 13085, 116.0120,  36.0160,       0.
 13086, 116.0680,  36.2950,       0.
 13087, 116.1410,  36.5510,       0.
 13088, 116.2080,  36.8040,       0.
 13089, 116.2540,  37.0420,       0.
 13090, 116.2930,  37.2630,       0.
 13091, 116.3330,  37.4920,       0.
 13092, 116.3770,  37.7130,       0.
 13093, 116.4300,  37.8860,       0.
 13094, 116.4990,  38.0090,       0.
 13095, 116.5940,  38.1150,       0.
 13096, 116.7240,  38.2340,       0.
 14000, 113.9460,  30.9000,      10.
 14053, 113.9510,  30.9340,      13.
 14054, 113.9920,  30.9910,      21.
 14055, 114.0640,  31.0680,      38.
 14056, 114.1590,  31.1630,      68.
 14057, 114.2670,  31.2810,      83.
 14058, 114.3750,  31.4140,     100.
 14059, 114.4750,  31.5590,     157.
 14060, 114.5630,  31.7130,     168.
 14061, 114.6570,  31.8440,     114.
 14062, 114.7800,  31.9380,      68.
 14063, 114.9440,  32.0000,      44.
 14064, 115.1450,  32.0450,      36.
 14065, 115.3440,  32.0880,      28.
 14066, 115.5360,  32.1210,      26.
 14067, 115.7050,  32.1500,      26.
 14068, 115.8390,  32.2070,      25.
 14069, 115.9530,  32.3240,      24.
 14070, 116.0580,  32.4690,      24.
 14071, 116.1500,  32.6180,      24.
 14072, 116.2050,  32.7830,      24.
 14073, 116.2210,  32.9650,      24.
 14074, 116.2220,  33.1530,      24.
 14075, 116.2220,  33.3370,      24.
 14076, 116.2270,  33.5320,      24.
 14077, 116.2350,  33.7590,      24.
 14078, 116.2420,  34.0180,      24.
 14079, 116.2480,  34.3020,      24.
 14080, 116.2530,  34.6030,      24.
 14081, 116.2470,  34.9140,      24.
 14082, 116.2450,  35.2360,      23.
 14083, 116.2530,  35.5670,      21.
 14084, 116.2600,  35.8940,      32.
 14085, 116.3010,  36.2620,      67.
 14086, 116.3710,  36.5850,      37.
 14087, 116.4290,  36.8870,      30.
 14088, 116.4580,  37.1960,      30.
 14089, 116.4640,  37.4890,      30.
 14090, 116.4590,  37.8090,      30.
 14091, 116.4430,  38.1400,      29.
 14092, 116.3990,  38.4150,      20.
 14093, 116.3440,  38.6850,      14.
 14094, 116.3080,  38.9370,      11.
 14095, 116.2990,  39.1260,       9.
 14096, 116.2830,  39.2730,       4.
 14097, 116.2780,  39.3860,       0.
 14098, 116.3000,  39.4730,       0.
 14099, 116.3640,  39.5310,       0.
 14100, 116.4990,  39.5620,       0.
 15000, 113.9460,  30.9000,      10.
 15057, 114.0320,  30.9850,      23.
 15058, 114.1290,  31.0900,      56.
 15059, 114.2190,  31.2170,      86.
 15060, 114.2800,  31.3420,     108.
 15061, 114.3360,  31.4940,     144.
 15062, 114.3930,  31.6560,     192.
 15063, 114.4510,  31.7980,     215.
 15064, 114.5460,  31.9190,     178.
 15065, 114.6880,  32.0410,     109.
 15066, 114.8430,  32.1660,      67.
 15067, 115.0050,  32.2850,      45.
 15068, 115.1590,  32.4040,      38.
 15069, 115.2950,  32.5540,      38.
 15070, 115.4130,  32.7310,      38.
 15071, 115.5100,  32.9170,      38.
 15072, 115.5820,  33.1100,      38.
 15073, 115.6370,  33.2960,      38.
 15074, 115.6970,  33.4760,      38.
 15075, 115.7660,  33.6530,      38.
 15076, 115.8310,  33.8480,      38.
 15077, 115.8870,  34.0820,      38.
 15078, 115.9300,  34.3560,      38.
 15079, 115.9680,  34.6550,      38.
 15080, 116.0020,  34.9620,      38.
 15081, 116.0170,  35.2980,      38.
 15082, 116.0250,  35.6540,      38.
 15083, 116.0470,  35.9950,      42.
 15084, 116.0840,  36.3370,      31.
 15085, 116.1270,  36.6460,      16.
 15086, 116.1690,  36.9360,      12.
 15087, 116.1980,  37.2280,       9.
 15088, 116.2130,  37.5350,       9.
 15089, 116.2230,  37.8590,       9.
 15090, 116.2310,  38.1980,       9.
 15091, 116.2070,  38.5250,       9.
 15092, 116.1650,  38.8290,       9.
 15093, 116.1410,  39.0960,       9.
 15094, 116.1060,  39.3440,      17.
 15095, 116.0040,  39.6160,     100.
 15096, 115.6620,  40.0920,     979.
 15097, 115.2040,  40.5640,    1092.
 15098, 114.7650,  41.0750,    1504.
 15099, 114.1700,  41.4680,    1886.
 15100, 113.5760,  41.8550,    2066.
 15101, 112.9990,  42.1750,    2091.
 15102, 112.4990,  42.4740,    1996.
 15103, 111.9510,  42.7810,    2031.
 15104, 111.4580,  43.1030,    2037.
 16000, 113.9460,  30.9000,      10.
 16061, 113.9800,  31.0420,      24.
 16062, 114.0090,  31.2180,      52.
 16063, 114.0380,  31.4040,     104.
 16064, 114.0960,  31.5770,     183.
 16065, 114.2300,  31.7610,     267.
 16066, 114.4550,  31.9370,     228.
 16067, 114.6870,  32.1030,     145.
 16068, 114.8990,  32.2760,     102.
 16069, 115.0900,  32.4710,      95.
 16070, 115.2740,  32.7070,      94.
 16071, 115.4510,  32.9580,      95.
 16072, 115.5970,  33.2240,     100.
 16073, 115.7180,  33.4910,     104.
 16074, 115.8380,  33.7510,     106.
 16075, 115.9440,  34.0160,     106.
 16076, 116.0290,  34.3060,     107.
 16077, 116.1000,  34.6190,     108.
 16078, 116.1570,  34.9410,     109.
 16079, 116.1980,  35.2720,     109.
 16080, 116.2250,  35.6360,     111.
 16081, 116.2470,  36.0000,     166.
 16082, 116.2800,  36.3710,     162.
 16083, 116.3150,  36.7470,     147.
 16084, 116.3490,  37.1280,     147.
 16085, 116.3910,  37.5330,     147.
 16086, 116.3960,  37.9690,     140.
 16087, 116.3360,  38.4250,     140.
 16088, 116.2430,  38.8800,     148.
 16089, 116.1170,  39.2910,     184.
 16090, 115.8930,  39.7060,     484.
 16091, 115.5810,  40.2920,    1134.
 16092, 115.4000,  40.9310,    1457.
 16093, 115.1550,  41.6100,    2051.
 16094, 114.8580,  42.2090,    2480.
 16095, 114.5770,  42.7020,    2665.
 16096, 114.2380,  43.1370,    2918.
 16097, 113.8690,  43.5060,    3028.
 16098, 113.6340,  43.8730,    3148.
 16099, 113.4180,  44.2550,    3197.
 16100, 113.1820,  44.6120,    3237.
 16101, 112.9710,  44.9560,    3191.
 16102, 112.7210,  45.2900,    3398.
 16103, 112.4580,  45.6100,    3636.
 16104, 112.2200,  45.8630,    3638.
 16105, 112.0050,  46.0640,    3603.
 16106, 111.7770,  46.2020,    3538.
 16107, 111.5100,  46.3220,    3446.
 16108, 111.2040,  46.4200,    3337.
 17000, 113.9460,  30.9000,      10.
 17065, 113.9710,  31.0760,      30.
 17066, 114.0480,  31.2720,      85.
 17067, 114.1810,  31.4650,     186.
 17068, 114.3800,  31.6780,     233.
 17069, 114.6160,  31.8940,     150.
 17070, 114.8200,  32.0850,      87.
 17071, 114.9920,  32.2850,      74.
 17072, 115.1510,  32.5070,      73.
 17073, 115.2890,  32.7450,      73.
 17074, 115.4040,  32.9870,      74.
 17075, 115.5110,  33.2230,      75.
 17076, 115.6120,  33.4610,      77.
 17077, 115.6970,  33.7200,      78.
 17078, 115.7690,  34.0220,      78.
 17079, 115.8310,  34.3580,      79.
 17080, 115.8800,  34.7050,      80.
 17081, 115.9090,  35.0690,      80.
 17082, 115.9320,  35.4630,      81.
 17083, 115.9610,  35.8500,      82.
 17084, 115.9990,  36.2290,      78.
 17085, 116.0510,  36.5960,      66.
 17086, 116.1090,  36.9560,      61.
 17087, 116.1470,  37.3310,      59.
 17088, 116.1680,  37.7410,      59.
 17089, 116.1820,  38.1830,      59.
 17090, 116.1390,  38.6280,      91.
 17091, 116.0550,  39.0380,     125.
 17092, 115.9590,  39.4400,     241.
 17093, 115.6680,  39.9580,    1020.
 17094, 115.2550,  40.5650,    1552.
 17095, 114.8270,  41.1520,    1869.
 17096, 114.2480,  41.6530,    2252.
 17097, 113.6880,  42.1950,    2684.
 17098, 113.1630,  42.5500,    2862.
 17099, 112.5690,  42.8640,    2932.
 17100, 112.0810,  43.2750,    3052.
 17101, 111.6710,  43.6250,    2962.
 17102, 111.2310,  43.9630,    3059.
 17103, 110.7450,  44.3490,    3330.
 17104, 110.3270,  44.7260,    3479.
 17105, 109.9620,  45.1210,    3545.
 17106, 109.5940,  45.5100,    3666.
 17107, 109.1160,  45.9110,    3760.
 17108, 108.5880,  46.4330,    3896.
 17109, 108.1230,  46.9950,    4038.
 17110, 107.8040,  47.5680,    4087.
 17111, 107.6790,  48.1350,    4091.
 17112, 107.6490,  48.7570,    4260.
 18000, 113.9460,  30.9000,      10.
 18069, 114.0200,  31.0220,      16.
 18070, 114.1170,  31.1550,      46.
 18071, 114.2590,  31.3310,     103.
 18072, 114.4630,  31.5660,     184.
 18073, 114.6970,  31.8470,     117.
 18074, 114.8500,  32.0780,      43.
 18075, 114.9740,  32.2870,      34.
 18076, 115.0870,  32.4930,      34.
 18077, 115.1980,  32.7110,      34.
 18078, 115.3120,  32.9550,      34.
 18079, 115.4190,  33.2370,      34.
 18080, 115.5250,  33.5370,      35.
 18081, 115.6270,  33.8360,      36.
 18082, 115.7240,  34.1710,      36.
 18083, 115.8270,  34.5280,      38.
 18084, 115.9280,  34.8800,      32.
 18085, 116.0130,  35.2320,      26.
 18086, 116.0870,  35.5720,      24.
 18087, 116.1690,  35.9030,      34.
 18088, 116.3000,  36.2690,      74.
 18089, 116.4470,  36.5960,      53.
 18090, 116.5710,  36.8770,      49.
 18091, 116.6520,  37.1390,      49.
 18092, 116.7170,  37.3860,      49.
 18093, 116.7950,  37.6110,      49.
 18094, 116.8900,  37.7880,      48.
 18095, 117.0060,  37.9070,      40.
 18096, 117.1380,  37.9860,      22.
 18097, 117.3110,  38.0650,      12.
 18098, 117.5520,  38.1800,       7.
 18099, 117.9500,  38.3250,       1.
 18100, 118.4180,  38.5210,       2.
 18101, 118.8290,  38.7590,       6.
 18102, 119.1960,  39.0430,       4.
 18103, 119.5510,  39.3460,       3.
 18104, 119.8510,  39.5790,       5.
 18105, 120.0730,  39.7230,       6.
 18106, 120.2430,  39.7890,       7.
 18107, 120.3880,  39.7900,      11.
 18108, 120.5250,  39.7220,      25.
 18109, 120.6340,  39.6190,      42.
 18110, 120.7210,  39.4570,      27.
 18111, 120.7990,  39.2540,      10.
 18112, 120.8030,  39.0170,       2.
 18113, 120.7300,  38.7280,       0.
 18114, 120.6590,  38.4230,       0.
 18115, 120.6080,  38.1210,       2.
 18116, 120.5780,  37.8480,      31.
 19000, 113.9460,  30.9000,      10.
 19073, 114.0540,  31.0510,      18.
 19074, 114.1720,  31.2370,      51.
 19075, 114.2840,  31.4530,      67.
 19076, 114.4200,  31.7130,      83.
 19077, 114.5490,  31.9690,       6.
 19078, 114.6720,  32.1950,       0.
 19079, 114.8150,  32.4250,       0.
 19080, 114.9500,  32.6720,       0.
 19081, 115.0860,  32.9460,       0.
 19082, 115.2200,  33.2430,       0.
 19083, 115.3490,  33.5450,       0.
 19084, 115.4860,  33.8570,       0.
 19085, 115.6190,  34.1780,       0.
 19086, 115.7350,  34.4990,       0.
 19087, 115.8430,  34.8160,       0.
 19088, 115.9420,  35.1270,       0.
 19089, 116.0250,  35.4250,       0.
 19090, 116.0980,  35.7170,       0.
 19091, 116.1800,  35.9960,      22.
 19092, 116.2990,  36.2310,      23.
 19093, 116.3750,  36.3690,       0.
 19094, 116.4100,  36.5250,       0.
 19095, 116.4700,  36.6730,       0.
 19096, 116.5550,  36.8010,       0.
 19097, 116.6580,  36.9100,       1.
 19098, 116.7720,  37.0400,       4.
 19099, 116.9240,  37.2130,       5.
 19100, 117.0720,  37.3790,       6.
 19101, 117.1110,  37.4840,       7.
 19102, 117.0290,  37.5490,       7.
 19103, 116.8880,  37.5970,       6.
 19104, 116.7310,  37.6040,       4.
 19105, 116.5320,  37.5270,       4.
 19106, 116.3230,  37.3720,       4.
 19107, 116.1410,  37.1520,       7.
 19108, 115.9710,  36.8720,      13.
 19109, 115.8240,  36.5600,      16.
 19110, 115.7240,  36.2490,      19.
 19111, 115.6590,  35.9410,      20.
 19112, 115.6110,  35.6470,      20.
 19113, 115.5830,  35.3860,      20.
 19114, 115.5840,  35.1640,      20.
 19115, 115.5820,  34.9530,      20.
 19116, 115.5620,  34.7410,      23.
 19117, 115.5380,  34.5330,      21.
 19118, 115.5300,  34.3500,      13.
 19119, 115.5400,  34.1820,      10.
 19120, 115.5570,  34.0150,      10.
 20000, 113.9460,  30.9000,      10.
 20077, 114.0080,  31.0460,      21.
 20078, 114.0710,  31.1780,      48.
 20079, 114.1470,  31.3310,      95.
 20080, 114.2500,  31.5240,     127.
 20081, 114.3890,  31.7210,     141.
 20082, 114.5410,  31.9140,      85.
 20083, 114.6650,  32.1230,      35.
 20084, 114.7420,  32.3080,      13.
 20085, 114.8080,  32.5240,       0.
 20086, 114.8730,  32.7940,       0.
 20087, 114.9230,  33.0660,       0.
 20088, 114.9700,  33.3150,       0.
 20089, 115.0330,  33.5820,       0.
 20090, 115.0960,  33.8520,       0.
 20091, 115.1370,  34.0980,       0.
 20092, 115.1700,  34.3220,       0.
 20093, 115.1800,  34.5380,       0.
 20094, 115.1780,  34.7330,       0.
 20095, 115.1890,  34.9190,       0.
 20096, 115.2360,  35.1110,       0.
 20097, 115.2570,  35.2590,       0.
 20098, 115.1920,  35.3710,       0.
 20099, 115.0950,  35.5700,       0.
 20100, 114.9700,  35.7740,      11.
 20101, 114.8310,  35.8210,      22.
 20102, 114.6930,  35.7290,      22.
 20103, 114.5320,  35.5380,      21.
 20104, 114.3520,  35.3180,      21.
 20105, 114.1570,  35.0800,      27.
 20106, 113.9560,  34.8210,      43.
 20107, 113.7580,  34.5300,      78.
 20108, 113.5700,  34.2010,      52.
 20109, 113.4200,  33.9250,       0.
 20110, 113.2890,  33.6800,       0.
 20111, 113.1220,  33.4270,      76.
 20112, 112.9540,  33.1850,      84.
 20113, 112.8660,  33.0040,      38.
 20114, 112.8230,  32.8340,      18.
 20115, 112.8100,  32.6030,      27.
 20116, 112.8530,  32.2920,     116.
 20117, 112.9080,  32.0040,      89.
 20118, 112.9280,  31.7430,      91.
 20119, 112.9270,  31.3950,     176.
 20120, 112.9620,  31.0170,     132.
 20121, 113.0120,  30.7330,      62.
 20122, 113.0490,  30.5090,      44.
 20123, 113.0770,  30.2770,      50.
 20124, 113.0850,  30.0490,      52.
END
