  1000, 113.9460,  30.9000,      10.
  1001, 114.1390,  30.8130,       8.
  1002, 114.3380,  30.7160,       6.
  1003, 114.5440,  30.6210,       6.
  1004, 114.7500,  30.5370,       7.
  1005, 114.9530,  30.4540,       7.
  1006, 115.1210,  30.3740,      11.
  1007, 115.2600,  30.3020,      21.
  1008, 115.3990,  30.2150,      40.
  1009, 115.5350,  30.1150,      52.
  1010, 115.6600,  30.0170,      39.
  1011, 115.7740,  29.9490,       7.
  1012, 115.8880,  29.8650,       0.
  1013, 116.0120,  29.7340,      58.
  1014, 116.1530,  29.5700,     129.
  1015, 116.2930,  29.4140,     134.
  1016, 116.4800,  29.2890,     130.
  1017, 116.6850,  29.1860,     130.
  1018, 116.8760,  29.1020,     140.
  1019, 117.0680,  29.0520,     182.
  1020, 117.2550,  29.0310,     232.
  1021, 117.4360,  29.0350,     275.
  1022, 117.6090,  29.0420,     320.
  1023, 117.7720,  28.9990,     371.
  1024, 117.9300,  28.9230,     518.
  1025, 118.1040,  28.8320,     694.
  1026, 118.2530,  28.7550,     751.
  1027, 118.3840,  28.7000,     732.
  1028, 118.5310,  28.6560,     621.
  1029, 118.6670,  28.6190,     560.
  1030, 118.7900,  28.5600,     616.
  1031, 118.9130,  28.4510,     754.
  1032, 119.0990,  28.2480,     952.
  1033, 119.3490,  28.0310,    1059.
  1034, 119.6620,  27.8250,    1164.
  1035, 120.0550,  27.6730,    1129.
  1036, 120.4280,  27.6090,    1038.
  1037, 120.7240,  27.6010,     889.
  1038, 121.0040,  27.5950,     800.
  1039, 121.3130,  27.5550,     746.
  1040, 121.6540,  27.4730,     714.
  1041, 122.0270,  27.3760,     663.
  1042, 122.4260,  27.2830,     648.
  1043, 122.8490,  27.1980,     605.
  1044, 123.2730,  27.1200,     586.
  1045, 123.6810,  27.0510,     597.
  1046, 124.0880,  26.9930,     578.
  1047, 124.4820,  26.9400,     548.
  1048, 124.8570,  26.8980,     556.
  2000, 113.9460,  30.9000,      10.
  2005, 114.1210,  30.7810,       9.
  2006, 114.3070,  30.6510,       9.
  2007, 114.4960,  30.5170,      10.
  2008, 114.6940,  30.3850,      16.
  2009, 114.9040,  30.2440,      51.
  2010, 115.1320,  30.0420,     115.
  2011, 115.3690,  29.7930,     240.
  2012, 115.6240,  29.5240,     390.
  2013, 115.8480,  29.3260,     499.
  2014, 116.0580,  29.1560,     525.
  2015, 116.2700,  29.0060,     476.
  2016, 116.4840,  28.8730,     377.
  2017, 116.7230,  28.7430,     367.
  2018, 116.9940,  28.6310,     426.
  2019, 117.2970,  28.5400,     520.
  2020, 117.6300,  28.4600,     676.
  2021, 117.9130,  28.3610,     787.
  2022, 118.1110,  28.2070,     820.
  2023, 118.2980,  27.9880,     957.
  2024, 118.5590,  27.7780,    1097.
  2025, 118.8810,  27.5870,    1262.
  2026, 119.2240,  27.3980,    1284.
  2027, 119.5910,  27.2510,    1283.
  2028, 119.9970,  27.1830,    1282.
  2029, 120.3560,  27.1710,    1329.
  2030, 120.6500,  27.1790,    1262.
  2031, 120.9450,  27.1630,    1181.
  2032, 121.2740,  27.1180,    1138.
  2033, 121.6170,  27.0610,    1170.
  2034, 121.9710,  26.9920,    1198.
  2035, 122.3220,  26.9170,    1196.
  2036, 122.6710,  26.8360,    1216.
  2037, 123.0180,  26.7470,    1253.
  2038, 123.3590,  26.6520,    1284.
  2039, 123.6940,  26.5620,    1246.
  2040, 124.0480,  26.4770,    1146.
  2041, 124.4210,  26.4050,    1143.
  2042, 124.7930,  26.3480,    1183.
  2043, 125.1660,  26.3010,    1247.
  2044, 125.5320,  26.2650,    1237.
  2045, 125.8980,  26.2420,    1182.
  2046, 126.2590,  26.2150,    1139.
  2047, 126.6080,  26.1950,    1096.
  2048, 126.9430,  26.2000,    1152.
  2049, 127.2590,  26.2250,    1249.
  2050, 127.5590,  26.2550,    1262.
  2051, 127.8440,  26.2890,    1275.
  2052, 128.0860,  26.3350,    1424.
  3000, 113.9460,  30.9000,      10.
  3009, 114.1530,  30.7600,       8.
  3010, 114.3770,  30.6150,      10.
  3011, 114.6020,  30.4740,      12.
  3012, 114.8340,  30.3140,      37.
  3013, 115.0780,  30.0830,     116.
  3014, 115.3150,  29.8210,     227.
  3015, 115.5490,  29.5570,     406.
  3016, 115.7810,  29.3500,     534.
  3017, 115.9940,  29.1970,     607.
  3018, 116.2020,  29.0620,     603.
  3019, 116.4130,  28.9370,     568.
  3020, 116.6350,  28.8290,     508.
  3021, 116.8960,  28.7140,     467.
  3022, 117.2030,  28.5790,     502.
  3023, 117.5520,  28.4390,     544.
  3024, 117.8250,  28.3160,     627.
  3025, 118.0050,  28.1570,     688.
  3026, 118.1710,  27.9470,     892.
  3027, 118.4220,  27.7340,    1016.
  3028, 118.7570,  27.5610,    1177.
  3029, 119.1310,  27.3860,    1300.
  3030, 119.4960,  27.2380,    1366.
  3031, 119.8990,  27.1410,    1351.
  3032, 120.2780,  27.1080,    1327.
  3033, 120.6100,  27.1150,    1159.
  3034, 120.9390,  27.1020,    1084.
  3035, 121.2890,  27.0690,     982.
  3036, 121.6520,  27.0160,     920.
  3037, 122.0170,  26.9380,     898.
  3038, 122.3850,  26.8500,     896.
  3039, 122.7620,  26.7530,     893.
  3040, 123.1340,  26.6510,     816.
  3041, 123.5170,  26.5600,     734.
  3042, 123.9210,  26.4950,     642.
  3043, 124.3410,  26.4420,     623.
  3044, 124.7500,  26.3980,     627.
  3045, 125.1360,  26.3610,     607.
  3046, 125.5160,  26.3260,     540.
  3047, 125.8960,  26.2990,     481.
  3048, 126.2640,  26.2890,     474.
  3049, 126.6260,  26.3040,     496.
  3050, 126.9680,  26.3310,     554.
  3051, 127.2860,  26.3460,     629.
  3052, 127.6110,  26.3440,     710.
  3053, 127.9240,  26.3550,     816.
  3054, 128.1940,  26.3830,     906.
  3055, 128.4440,  26.4240,     904.
  3056, 128.6910,  26.4660,     930.
  4000, 113.9460,  30.9000,      10.
  4013, 114.1780,  30.7440,       6.
  4014, 114.4150,  30.5790,       4.
  4015, 114.6470,  30.4030,       2.
  4016, 114.9010,  30.2140,      35.
  4017, 115.1810,  30.0030,      46.
  4018, 115.4110,  29.8110,      83.
  4019, 115.6030,  29.6240,     126.
  4020, 115.7670,  29.4690,     111.
  4021, 115.9030,  29.3560,      94.
  4022, 116.0330,  29.2900,      66.
  4023, 116.1850,  29.2470,      48.
  4024, 116.3420,  29.2090,      46.
  4025, 116.4860,  29.1730,      45.
  4026, 116.6410,  29.1500,      49.
  4027, 116.8350,  29.1500,      64.
  4028, 117.0800,  29.1760,     108.
  4029, 117.3510,  29.1910,     174.
  4030, 117.6670,  29.1880,     216.
  4031, 117.9600,  29.1590,     326.
  4032, 118.2280,  29.0960,     499.
  4033, 118.5080,  29.0820,     475.
  4034, 118.7870,  29.0800,     535.
  4035, 119.0490,  29.0200,     555.
  4036, 119.2360,  28.9190,     606.
  4037, 119.4140,  28.7370,     774.
  4038, 119.6110,  28.5340,     893.
  4039, 119.8200,  28.3680,     930.
  4040, 120.1310,  28.1910,    1091.
  4041, 120.5340,  28.0470,    1096.
  4042, 120.9240,  28.0080,     930.
  4043, 121.3300,  27.9960,     836.
  4044, 121.7310,  27.9740,     792.
  4045, 122.1240,  27.9430,     724.
  4046, 122.5370,  27.9010,     672.
  4047, 122.9460,  27.8550,     630.
  4048, 123.3470,  27.8130,     597.
  4049, 123.7460,  27.7720,     541.
  4050, 124.1280,  27.7400,     530.
  4051, 124.4620,  27.7000,     542.
  4052, 124.7580,  27.6490,     572.
  4053, 125.0460,  27.6020,     537.
  4054, 125.3340,  27.5760,     483.
  4055, 125.5990,  27.5600,     499.
  4056, 125.8140,  27.5440,     496.
  4057, 126.0080,  27.5350,     482.
  4058, 126.1810,  27.5300,     472.
  4059, 126.3420,  27.5160,     442.
  4060, 126.5080,  27.4920,     379.
  5000, 113.9460,  30.9000,      10.
  5017, 114.1640,  30.7580,       5.
  5018, 114.3960,  30.6010,       2.
  5019, 114.6340,  30.4410,       3.
  5020, 114.8870,  30.2880,      22.
  5021, 115.1430,  30.1340,      45.
  5022, 115.3650,  30.0070,      50.
  5023, 115.5840,  29.9220,      54.
  5024, 115.7810,  29.8820,      56.
  5025, 115.9670,  29.8400,      83.
  5026, 116.1430,  29.7320,     148.
  5027, 116.3540,  29.6050,     190.
  5028, 116.6550,  29.5080,     190.
  5029, 116.9840,  29.4600,     246.
  5030, 117.3100,  29.4080,     350.
  5031, 117.6400,  29.3460,     417.
  5032, 117.9900,  29.2610,     582.
  5033, 118.3030,  29.1300,     725.
  5034, 118.6030,  29.0410,     752.
  5035, 118.8880,  28.9680,     835.
  5036, 119.1310,  28.7710,    1029.
  5037, 119.3680,  28.4840,    1281.
  5038, 119.6230,  28.2320,    1372.
  5039, 119.8800,  28.0180,    1466.
  5040, 120.1310,  27.8530,    1538.
  5041, 120.4540,  27.7300,    1559.
  5042, 120.8440,  27.6590,    1390.
  5043, 121.2470,  27.6010,    1247.
  5044, 121.6770,  27.5320,    1140.
  5045, 122.1160,  27.4640,    1068.
  5046, 122.5400,  27.3860,    1026.
  5047, 122.9530,  27.3050,     872.
  5048, 123.3600,  27.2150,     808.
  5049, 123.7430,  27.1260,     767.
  5050, 124.1020,  27.0480,     668.
  5051, 124.4330,  26.9680,     613.
  5052, 124.7480,  26.8910,     573.
  5053, 125.0570,  26.8330,     555.
  5054, 125.3410,  26.8200,     621.
  5055, 125.5870,  26.8440,     681.
  5056, 125.8110,  26.8790,     684.
  5057, 126.0220,  26.9080,     691.
  5058, 126.2210,  26.9320,     690.
  5059, 126.4140,  26.9340,     667.
  5060, 126.6080,  26.9060,     647.
  5061, 126.7900,  26.8620,     632.
  5062, 126.9600,  26.8140,     591.
  5063, 127.1330,  26.7730,     536.
  5064, 127.3100,  26.7400,     520.
  6000, 113.9460,  30.9000,      10.
  6021, 114.1920,  30.7870,       9.
  6022, 114.4530,  30.6750,      10.
  6023, 114.7050,  30.5730,      13.
  6024, 114.9350,  30.4790,      14.
  6025, 115.1180,  30.4070,      16.
  6026, 115.2790,  30.3450,      20.
  6027, 115.4400,  30.2970,      50.
  6028, 115.6140,  30.2730,     126.
  6029, 115.8060,  30.2240,     250.
  6030, 116.0150,  30.1250,     204.
  6031, 116.2280,  30.0120,     114.
  6032, 116.4660,  29.8980,     126.
  6033, 116.7650,  29.8260,     244.
  6034, 117.1110,  29.7990,     449.
  6035, 117.3940,  29.7780,     520.
  6036, 117.6630,  29.7470,     635.
  6037, 117.9160,  29.6740,     747.
  6038, 118.1210,  29.6010,     849.
  6039, 118.3150,  29.4800,     998.
  6040, 118.5140,  29.3300,    1077.
  6041, 118.6870,  29.1860,    1181.
  6042, 118.8590,  29.0340,    1307.
  6043, 119.0300,  28.8410,    1372.
  6044, 119.1050,  28.6340,    1445.
  6045, 119.1290,  28.4580,    1428.
  6046, 119.1330,  28.3120,    1352.
  6047, 119.1110,  28.1790,    1292.
  6048, 119.0680,  28.0620,    1290.
  6049, 119.0050,  27.9610,    1354.
  6050, 118.9270,  27.8570,    1435.
  6051, 118.8510,  27.7290,    1456.
  6052, 118.8010,  27.5730,    1416.
  6053, 118.7910,  27.4100,    1362.
  6054, 118.8010,  27.2510,    1341.
  6055, 118.8300,  27.0810,    1326.
  6056, 118.8690,  26.9080,    1279.
  6057, 118.8920,  26.7670,    1205.
  6058, 118.9180,  26.6400,    1113.
  6059, 118.9270,  26.5250,    1040.
  6060, 118.9180,  26.4210,     976.
  6061, 118.8990,  26.3230,     920.
  6062, 118.8720,  26.2260,     892.
  6063, 118.8410,  26.1320,     825.
  6064, 118.8170,  26.0490,     677.
  6065, 118.8090,  25.9690,     515.
  6066, 118.8050,  25.8740,     432.
  6067, 118.7980,  25.7550,     398.
  6068, 118.7710,  25.6210,     389.
  7000, 113.9460,  30.9000,      10.
  7025, 114.1680,  30.8390,      10.
  7026, 114.3800,  30.7750,      10.
  7027, 114.5930,  30.6990,      10.
  7028, 114.8010,  30.6210,      15.
  7029, 114.9920,  30.5580,      31.
  7030, 115.1670,  30.5070,      50.
  7031, 115.3360,  30.4550,      82.
  7032, 115.5100,  30.3890,     140.
  7033, 115.7030,  30.3310,     220.
  7034, 115.9300,  30.2720,     228.
  7035, 116.1300,  30.2120,      80.
  7036, 116.2800,  30.1790,      24.
  7037, 116.4060,  30.1650,       8.
  7038, 116.5150,  30.1530,       7.
  7039, 116.6050,  30.1380,      13.
  7040, 116.6840,  30.1260,      22.
  7041, 116.7600,  30.1250,      29.
  7042, 116.8350,  30.1340,      40.
  7043, 116.9040,  30.1470,      49.
  7044, 116.9630,  30.1570,      57.
  7045, 117.0170,  30.1580,      66.
  7046, 117.0730,  30.1490,      84.
  7047, 117.1350,  30.1300,     112.
  7048, 117.2050,  30.1060,     154.
  7049, 117.2870,  30.0840,     215.
  7050, 117.3900,  30.0670,     288.
  7051, 117.5210,  30.0530,     391.
  7052, 117.6840,  30.0220,     520.
  7053, 117.9160,  29.9400,     622.
  7054, 118.1680,  29.8360,     665.
  7055, 118.4370,  29.7050,     735.
  7056, 118.7610,  29.5130,     756.
  7057, 119.0690,  29.3610,     611.
  7058, 119.4020,  29.2550,     452.
  7059, 119.6570,  29.1150,     478.
  7060, 119.8560,  28.9840,     424.
  7061, 120.0170,  28.8980,     342.
  7062, 120.1450,  28.8490,     336.
  7063, 120.2520,  28.8020,     373.
  7064, 120.3430,  28.7500,     374.
  7065, 120.4360,  28.6860,     359.
  7066, 120.5260,  28.6040,     348.
  7067, 120.5990,  28.4980,     357.
  7068, 120.6640,  28.3930,     371.
  7069, 120.7300,  28.3050,     372.
  7070, 120.7930,  28.2170,     372.
  7071, 120.8530,  28.1140,     357.
  7072, 120.9060,  27.9780,     311.
  8000, 113.9460,  30.9000,      10.
  8029, 114.1440,  30.8480,      10.
  8030, 114.3360,  30.7850,       9.
  8031, 114.5030,  30.7240,       9.
  8032, 114.6510,  30.6750,      10.
  8033, 114.7960,  30.6320,      10.
  8034, 114.9380,  30.5970,      20.
  8035, 115.0910,  30.5510,      33.
  8036, 115.2500,  30.4820,      41.
  8037, 115.4270,  30.3970,      74.
  8038, 115.6390,  30.3000,     143.
  8039, 115.8590,  30.2330,     214.
  8040, 116.0500,  30.1980,     154.
  8041, 116.2160,  30.1820,      90.
  8042, 116.3610,  30.1970,      64.
  8043, 116.4820,  30.2440,      60.
  8044, 116.5860,  30.3060,      63.
  8045, 116.6760,  30.3640,      58.
  8046, 116.7450,  30.4290,      50.
  8047, 116.8060,  30.5000,      52.
  8048, 116.8800,  30.5740,      56.
  8049, 116.9590,  30.6460,      48.
  8050, 117.0250,  30.7180,      33.
  8051, 117.0770,  30.7870,      22.
  8052, 117.1190,  30.8560,      23.
  8053, 117.1650,  30.9200,      30.
  8054, 117.2360,  30.9690,      35.
  8055, 117.3560,  30.9990,      38.
  8056, 117.5660,  31.0110,      52.
  8057, 117.8760,  30.9800,      68.
  8058, 118.2270,  30.8880,     142.
  8059, 118.5380,  30.7810,     250.
  8060, 118.8620,  30.5830,     488.
  8061, 119.2230,  30.3290,     657.
  8062, 119.6300,  30.1500,     616.
  8063, 120.0160,  29.9680,     621.
  8064, 120.4830,  29.7960,     936.
  8065, 120.9180,  29.6150,    1469.
  8066, 121.2640,  29.3980,    1802.
  8067, 121.5720,  29.1640,    1691.
  8068, 121.8130,  28.9520,    1455.
  8069, 122.0340,  28.7470,    1316.
  8070, 122.2530,  28.5420,    1203.
  8071, 122.4450,  28.3500,    1126.
  8072, 122.5970,  28.1750,    1096.
  8073, 122.7110,  28.0280,    1083.
  8074, 122.8100,  27.8920,    1039.
  8075, 122.9070,  27.7410,     949.
  8076, 122.9980,  27.5900,     861.
  9000, 113.9460,  30.9000,      10.
  9033, 114.1040,  30.8790,      10.
  9034, 114.2610,  30.8520,      12.
  9035, 114.4160,  30.8090,      11.
  9036, 114.5690,  30.7400,       9.
  9037, 114.7260,  30.6470,       9.
  9038, 114.8870,  30.5450,      10.
  9039, 115.0470,  30.4500,      14.
  9040, 115.2100,  30.3510,      22.
  9041, 115.3980,  30.2300,      38.
  9042, 115.6030,  30.1310,      67.
  9043, 115.8140,  30.0830,      88.
  9044, 116.0030,  30.0740,      70.
  9045, 116.1600,  30.1000,      44.
  9046, 116.2940,  30.1510,      25.
  9047, 116.3950,  30.2090,      16.
  9048, 116.4740,  30.2700,      11.
  9049, 116.5480,  30.3280,       3.
  9050, 116.6210,  30.3830,       0.
  9051, 116.6850,  30.4410,       0.
  9052, 116.7410,  30.5070,       8.
  9053, 116.7910,  30.5760,      16.
  9054, 116.8420,  30.6410,      21.
  9055, 116.8970,  30.7070,      24.
  9056, 116.9710,  30.7680,      27.
  9057, 117.0710,  30.8100,      29.
  9058, 117.2170,  30.8280,      31.
  9059, 117.4110,  30.8330,      35.
  9060, 117.6300,  30.8410,      45.
  9061, 117.8800,  30.8350,      69.
  9062, 118.1550,  30.8270,     118.
  9063, 118.4210,  30.8130,     117.
  9064, 118.6970,  30.7520,     259.
  9065, 118.9640,  30.6250,     422.
  9066, 119.2380,  30.4840,     573.
  9067, 119.4920,  30.3430,     592.
  9068, 119.6750,  30.1870,     504.
  9069, 119.8250,  30.0270,     554.
  9070, 120.0180,  29.7620,     701.
  9071, 120.2270,  29.4690,     832.
  9072, 120.4530,  29.1400,    1011.
  9073, 120.6140,  28.8050,    1371.
  9074, 120.7200,  28.5040,    1460.
  9075, 120.8330,  28.2190,    1538.
  9076, 120.9740,  27.9570,    1644.
  9077, 121.1480,  27.7090,    1722.
  9078, 121.3030,  27.4730,    1886.
  9079, 121.3560,  27.2830,    2097.
  9080, 121.2790,  27.1480,    2313.
 10000, 113.9460,  30.9000,      10.
 10037, 114.1040,  30.8530,       8.
 10038, 114.2740,  30.7910,       6.
 10039, 114.4520,  30.7270,      12.
 10040, 114.6270,  30.6600,      22.
 10041, 114.7990,  30.5850,      25.
 10042, 114.9620,  30.4880,      25.
 10043, 115.1200,  30.3650,      33.
 10044, 115.2870,  30.2310,      40.
 10045, 115.4440,  30.1260,      44.
 10046, 115.6100,  30.0570,      36.
 10047, 115.7830,  30.0350,      34.
 10048, 115.9330,  30.0610,      35.
 10049, 116.0610,  30.1220,      32.
 10050, 116.1610,  30.1840,      27.
 10051, 116.2370,  30.2480,      20.
 10052, 116.2950,  30.3110,      16.
 10053, 116.3430,  30.3630,      18.
 10054, 116.3880,  30.4130,      24.
 10055, 116.4360,  30.4710,      30.
 10056, 116.4990,  30.5440,      34.
 10057, 116.5610,  30.6160,      53.
 10058, 116.6330,  30.6920,      72.
 10059, 116.7310,  30.7900,      67.
 10060, 116.8280,  30.8760,      56.
 10061, 116.9320,  30.9430,      36.
 10062, 117.0540,  31.0020,      18.
 10063, 117.1860,  31.0330,      18.
 10064, 117.3210,  31.0470,      29.
 10065, 117.4980,  31.0390,      40.
 10066, 117.7200,  31.0120,      47.
 10067, 117.9220,  30.9800,      62.
 10068, 118.1060,  30.9320,     105.
 10069, 118.2710,  30.8680,      91.
 10070, 118.3970,  30.8060,      98.
 10071, 118.5090,  30.7190,     167.
 10072, 118.6730,  30.6140,     379.
 10073, 118.9180,  30.5060,     590.
 10074, 119.1110,  30.3580,     707.
 10075, 119.2650,  30.1740,     617.
 10076, 119.3990,  30.0170,     526.
 10077, 119.5100,  29.9020,     473.
 10078, 119.6160,  29.7700,     458.
 10079, 119.7310,  29.5990,     501.
 10080, 119.8580,  29.4010,     502.
 10081, 119.9340,  29.2140,     484.
 10082, 120.0000,  28.9850,     528.
 10083, 120.1040,  28.7470,     769.
 10084, 120.2390,  28.5050,    1055.
 11000, 113.9460,  30.9000,      10.
 11041, 114.0590,  30.9240,      12.
 11042, 114.1670,  30.9340,      16.
 11043, 114.2720,  30.9370,      20.
 11044, 114.3680,  30.9330,      21.
 11045, 114.4580,  30.9310,      20.
 11046, 114.5420,  30.9400,      18.
 11047, 114.6120,  30.9620,      18.
 11048, 114.6680,  31.0000,      18.
 11049, 114.7140,  31.0530,      18.
 11050, 114.7530,  31.1060,      20.
 11051, 114.7840,  31.1500,      24.
 11052, 114.8080,  31.1890,      30.
 11053, 114.8290,  31.2220,      37.
 11054, 114.8540,  31.2540,      46.
 11055, 114.8830,  31.2840,      59.
 11056, 114.9280,  31.3080,      75.
 11057, 114.9950,  31.3150,      94.
 11058, 115.0860,  31.3020,     120.
 11059, 115.2170,  31.2920,     173.
 11060, 115.4190,  31.3020,     308.
 11061, 115.6900,  31.3020,     555.
 11062, 116.0490,  31.2930,     726.
 11063, 116.4130,  31.2510,     686.
 11064, 116.7680,  31.1630,     759.
 11065, 117.1350,  31.0970,     714.
 11066, 117.5680,  31.0070,     732.
 11067, 118.0940,  30.8600,     744.
 11068, 118.5930,  30.7020,     950.
 11069, 119.1000,  30.5200,    1444.
 11070, 119.5460,  30.2820,    1589.
 11071, 119.8770,  30.0310,    1461.
 11072, 120.1290,  29.7600,    1544.
 11073, 120.3300,  29.4560,    1522.
 11074, 120.4870,  29.1610,    1581.
 11075, 120.5860,  28.8680,    1763.
 11076, 120.6860,  28.5600,    1864.
 11077, 120.7540,  28.2690,    1910.
 11078, 120.8370,  28.0010,    1950.
 11079, 120.9450,  27.7480,    1977.
 11080, 120.9910,  27.5280,    2041.
 11081, 120.9820,  27.3470,    2106.
 11082, 120.9830,  27.1760,    2210.
 11083, 120.9250,  27.0620,    2272.
 11084, 120.8120,  26.9870,    2326.
 11085, 120.6630,  26.9470,    2462.
 11086, 120.4350,  26.9930,    2798.
 11087, 120.1420,  27.1040,    3213.
 11088, 119.7200,  27.1390,    3420.
 12000, 113.9460,  30.9000,      10.
 12045, 114.0370,  30.9180,      12.
 12046, 114.1240,  30.9250,      13.
 12047, 114.2110,  30.9320,      14.
 12048, 114.2910,  30.9510,      19.
 12049, 114.3550,  30.9900,      30.
 12050, 114.4040,  31.0390,      41.
 12051, 114.4420,  31.0770,      42.
 12052, 114.4710,  31.1040,      38.
 12053, 114.4980,  31.1230,      32.
 12054, 114.5320,  31.1390,      30.
 12055, 114.5760,  31.1500,      31.
 12056, 114.6340,  31.1580,      32.
 12057, 114.7100,  31.1510,      32.
 12058, 114.7950,  31.1000,      36.
 12059, 114.8650,  31.0290,      52.
 12060, 114.9080,  30.9860,      69.
 12061, 114.9250,  30.9890,      69.
 12062, 114.9340,  31.0220,      57.
 12063, 114.9540,  31.0750,      50.
 12064, 114.9960,  31.1600,      64.
 12065, 115.0560,  31.2550,     106.
 12066, 115.1030,  31.3190,     134.
 12067, 115.1300,  31.3590,     140.
 12068, 115.1550,  31.3970,     148.
 12069, 115.1930,  31.4560,     170.
 12070, 115.2370,  31.5420,     198.
 12071, 115.2690,  31.6270,     210.
 12072, 115.3010,  31.6950,     202.
 12073, 115.3400,  31.7530,     174.
 12074, 115.3670,  31.8010,     135.
 12075, 115.3680,  31.8390,      99.
 12076, 115.3490,  31.8680,      68.
 12077, 115.3170,  31.8850,      50.
 12078, 115.2760,  31.8890,      46.
 12079, 115.2290,  31.8810,      52.
 12080, 115.1830,  31.8460,      70.
 12081, 115.1490,  31.7750,     104.
 12082, 115.1170,  31.6740,     166.
 12083, 115.1110,  31.5630,     220.
 12084, 115.1430,  31.4630,     202.
 12085, 115.1970,  31.3650,     166.
 12086, 115.2840,  31.2520,     199.
 12087, 115.3880,  31.1350,     229.
 12088, 115.5120,  31.0170,     266.
 12089, 115.6390,  30.9180,     329.
 12090, 115.7450,  30.8450,     374.
 12091, 115.8340,  30.7910,     466.
 12092, 115.9200,  30.7370,     589.
 13000, 113.9460,  30.9000,      10.
 13049, 114.0140,  30.9170,      10.
 13050, 114.0770,  30.9370,      12.
 13051, 114.1360,  30.9580,      18.
 13052, 114.1940,  30.9800,      25.
 13053, 114.2560,  31.0060,      36.
 13054, 114.3220,  31.0330,      52.
 13055, 114.3870,  31.0480,      65.
 13056, 114.4480,  31.0520,      59.
 13057, 114.5000,  31.0520,      38.
 13058, 114.5470,  31.0410,      19.
 13059, 114.5900,  31.0330,      14.
 13060, 114.6440,  31.0630,      20.
 13061, 114.7290,  31.1510,      40.
 13062, 114.8710,  31.2780,      82.
 13063, 115.0370,  31.3940,     175.
 13064, 115.1910,  31.5050,     272.
 13065, 115.3150,  31.5930,     283.
 13066, 115.4130,  31.6380,     289.
 13067, 115.4870,  31.6500,     320.
 13068, 115.5490,  31.6550,     352.
 13069, 115.6070,  31.6660,     360.
 13070, 115.6500,  31.6860,     353.
 13071, 115.6850,  31.7130,     338.
 13072, 115.7240,  31.7460,     314.
 13073, 115.7590,  31.7890,     278.
 13074, 115.7820,  31.8350,     240.
 13075, 115.7960,  31.8750,     207.
 13076, 115.7980,  31.9070,     175.
 13077, 115.7940,  31.9220,     153.
 13078, 115.7980,  31.9060,     143.
 13079, 115.8160,  31.8630,     148.
 13080, 115.8380,  31.8090,     173.
 13081, 115.8550,  31.7520,     220.
 13082, 115.8690,  31.6880,     268.
 13083, 115.8720,  31.6150,     346.
 13084, 115.8690,  31.5390,     479.
 13085, 115.8730,  31.4620,     623.
 13086, 115.9100,  31.3890,     647.
 13087, 115.9560,  31.3140,     547.
 13088, 115.9780,  31.2150,     489.
 13089, 116.0120,  31.1200,     482.
 13090, 116.0580,  31.0390,     427.
 13091, 116.0960,  30.9560,     324.
 13092, 116.1290,  30.8860,     250.
 13093, 116.1600,  30.8240,     189.
 13094, 116.1830,  30.7540,      87.
 13095, 116.1810,  30.6940,      20.
 13096, 116.1500,  30.6670,      12.
 14000, 113.9460,  30.9000,      10.
 14053, 113.9910,  30.9270,      17.
 14054, 114.0480,  30.9590,      27.
 14055, 114.1260,  31.0010,      47.
 14056, 114.2030,  31.0530,      72.
 14057, 114.2680,  31.1170,      79.
 14058, 114.3530,  31.1880,      61.
 14059, 114.4980,  31.2860,      42.
 14060, 114.6650,  31.4080,      73.
 14061, 114.8880,  31.5300,     170.
 14062, 115.1680,  31.6150,     286.
 14063, 115.3910,  31.6710,     339.
 14064, 115.5890,  31.6930,     398.
 14065, 115.8080,  31.6740,     450.
 14066, 116.0400,  31.6340,     448.
 14067, 116.2290,  31.5980,     397.
 14068, 116.3610,  31.5750,     334.
 14069, 116.4730,  31.5610,     273.
 14070, 116.5450,  31.5630,     220.
 14071, 116.5850,  31.5720,     175.
 14072, 116.6200,  31.5770,     138.
 14073, 116.6530,  31.5820,     106.
 14074, 116.7010,  31.5810,      83.
 14075, 116.7820,  31.5730,      66.
 14076, 116.8790,  31.5590,      55.
 14077, 116.9710,  31.5380,      51.
 14078, 117.0640,  31.5130,      54.
 14079, 117.1550,  31.4910,      64.
 14080, 117.2160,  31.4620,      82.
 14081, 117.2270,  31.4150,     100.
 14082, 117.1960,  31.3480,     121.
 14083, 117.1450,  31.2580,     182.
 14084, 117.0890,  31.1430,     318.
 14085, 117.0280,  31.0180,     502.
 14086, 116.9510,  30.8810,     669.
 14087, 116.8760,  30.7290,     769.
 14088, 116.8120,  30.5710,     829.
 14089, 116.7820,  30.4030,     846.
 14090, 116.7820,  30.2170,     804.
 14091, 116.8140,  29.9940,     835.
 14092, 116.8910,  29.7450,     981.
 14093, 116.9860,  29.5360,    1042.
 14094, 117.0480,  29.3880,    1003.
 14095, 117.0710,  29.2680,     976.
 14096, 117.0600,  29.1690,     948.
 14097, 116.9980,  29.0930,     876.
 14098, 116.8890,  28.9770,     808.
 14099, 116.7880,  28.7980,     735.
 14100, 116.6880,  28.5870,     555.
 15000, 113.9460,  30.9000,      10.
 15057, 113.9510,  30.9590,      20.
 15058, 113.9290,  31.0250,      30.
 15059, 113.9170,  31.1110,      41.
 15060, 113.9710,  31.2220,      60.
 15061, 114.1240,  31.3550,      93.
 15062, 114.3230,  31.5130,     106.
 15063, 114.4840,  31.6780,     134.
 15064, 114.5940,  31.8310,      98.
 15065, 114.6670,  31.9520,      58.
 15066, 114.7170,  32.0540,      35.
 15067, 114.7550,  32.1580,      28.
 15068, 114.7740,  32.2680,      34.
 15069, 114.7750,  32.3840,      44.
 15070, 114.7620,  32.5080,      48.
 15071, 114.7260,  32.6390,      50.
 15072, 114.6620,  32.7740,      53.
 15073, 114.5740,  32.9100,      55.
 15074, 114.4620,  33.0460,      56.
 15075, 114.3300,  33.1840,      59.
 15076, 114.1720,  33.3300,      64.
 15077, 113.9890,  33.4530,      68.
 15078, 113.7610,  33.5260,      82.
 15079, 113.5010,  33.5690,     126.
 15080, 113.2680,  33.6310,     171.
 15081, 113.0520,  33.7260,     212.
 15082, 112.8440,  33.8130,     309.
 15083, 112.7280,  33.8270,     466.
 15084, 112.6960,  33.7810,     533.
 15085, 112.6580,  33.6980,     545.
 15086, 112.6470,  33.5710,     738.
 15087, 112.7840,  33.3880,    1190.
 15088, 112.9970,  33.1980,    1342.
 15089, 113.1840,  33.0030,    1421.
 15090, 113.3440,  32.7970,    1536.
 15091, 113.4740,  32.5680,    1584.
 15092, 113.6340,  32.2770,    1566.
 15093, 113.8250,  31.9630,    1505.
 15094, 114.0490,  31.6200,    1448.
 15095, 114.3140,  31.2930,    1346.
 15096, 114.5590,  31.0480,    1324.
 15097, 114.7590,  30.9010,    1186.
 15098, 114.7860,  30.8460,     869.
 15099, 114.6260,  30.8060,     624.
 15100, 114.3560,  30.7130,     574.
 15101, 114.0550,  30.5720,     542.
 15102, 113.8120,  30.4080,     550.
 15103, 113.5860,  30.2090,     459.
 15104, 113.3180,  29.9380,     506.
 16000, 113.9460,  30.9000,      10.
 16061, 113.9930,  31.0080,      24.
 16062, 114.0780,  31.1260,      51.
 16063, 114.1790,  31.2250,      77.
 16064, 114.2460,  31.3120,      86.
 16065, 114.3020,  31.3950,      86.
 16066, 114.3630,  31.4770,      89.
 16067, 114.4100,  31.5480,      90.
 16068, 114.4360,  31.6150,      82.
 16069, 114.4580,  31.6870,      71.
 16070, 114.4730,  31.7580,      53.
 16071, 114.4830,  31.8220,      36.
 16072, 114.4820,  31.8790,      22.
 16073, 114.4630,  31.9240,       7.
 16074, 114.4290,  31.9550,       0.
 16075, 114.3830,  31.9730,       0.
 16076, 114.3270,  31.9800,      13.
 16077, 114.2650,  31.9740,      39.
 16078, 114.2120,  31.9490,      67.
 16079, 114.1750,  31.9000,      88.
 16080, 114.1540,  31.8230,     108.
 16081, 114.1510,  31.7190,     130.
 16082, 114.1730,  31.5950,     145.
 16083, 114.2370,  31.4510,     140.
 16084, 114.3260,  31.2780,     138.
 16085, 114.4480,  31.0730,     168.
 16086, 114.6060,  30.8730,     195.
 16087, 114.7910,  30.6590,     207.
 16088, 115.0040,  30.4300,     302.
 16089, 115.2210,  30.2170,     421.
 16090, 115.4310,  30.0250,     446.
 16091, 115.5980,  29.8490,     472.
 16092, 115.7080,  29.6580,     491.
 16093, 115.8340,  29.4210,     550.
 16094, 115.9430,  29.1790,     602.
 16095, 116.0280,  28.9580,     781.
 16096, 116.1450,  28.7350,    1172.
 16097, 116.3240,  28.5290,    1157.
 16098, 116.4840,  28.3310,    1115.
 16099, 116.6490,  28.1620,    1621.
 16100, 116.7960,  28.0920,    2382.
 16101, 116.8590,  28.0780,    3193.
 16102, 116.6930,  28.0750,    3858.
 16103, 116.3340,  28.0540,    3677.
 16104, 116.2070,  28.0600,    3315.
 16105, 116.1970,  28.1030,    3435.
 16106, 116.1250,  28.1500,    4071.
 16107, 115.7820,  28.1090,    4214.
 16108, 115.5640,  28.0920,    4238.
 17000, 113.9460,  30.9000,      10.
 17065, 114.0340,  30.9230,      18.
 17066, 114.1010,  30.9320,      27.
 17067, 114.1550,  30.9260,      34.
 17068, 114.2130,  30.9130,      36.
 17069, 114.2800,  30.9020,      37.
 17070, 114.3490,  30.9030,      39.
 17071, 114.4140,  30.9160,      41.
 17072, 114.4690,  30.9380,      43.
 17073, 114.5100,  30.9650,      43.
 17074, 114.5360,  30.9950,      44.
 17075, 114.5510,  31.0200,      46.
 17076, 114.5620,  31.0380,      51.
 17077, 114.5720,  31.0420,      56.
 17078, 114.5860,  31.0250,      55.
 17079, 114.6080,  30.9870,      47.
 17080, 114.6430,  30.9260,      38.
 17081, 114.6950,  30.8420,      38.
 17082, 114.7720,  30.7310,      50.
 17083, 114.8810,  30.6100,      65.
 17084, 115.0180,  30.4750,      81.
 17085, 115.1650,  30.3360,     123.
 17086, 115.3240,  30.2040,     199.
 17087, 115.5070,  30.0960,     257.
 17088, 115.6690,  30.0130,     311.
 17089, 115.7880,  29.9630,     336.
 17090, 115.8980,  29.8610,     337.
 17091, 115.9790,  29.7050,     331.
 17092, 116.0270,  29.5490,     354.
 17093, 116.0590,  29.3930,     387.
 17094, 116.0800,  29.2290,     365.
 17095, 116.0640,  29.0710,     379.
 17096, 116.0410,  28.9150,     532.
 17097, 116.0540,  28.7380,     804.
 17098, 116.1450,  28.5500,     925.
 17099, 116.2460,  28.3120,     958.
 17100, 116.3840,  28.0620,    1431.
 17101, 116.5170,  27.8860,    1998.
 17102, 116.6510,  27.7460,    2404.
 17103, 116.7040,  27.6790,    2796.
 17104, 116.6530,  27.6810,    3118.
 17105, 116.4270,  27.7060,    3345.
 17106, 116.0750,  27.6650,    3389.
 17107, 115.8590,  27.5310,    3200.
 17108, 115.8680,  27.4640,    3154.
 17109, 116.0400,  27.5010,    3328.
 17110, 116.1680,  27.5740,    3891.
 17111, 116.0400,  27.6160,    4343.
 17112, 115.9470,  27.6950,    4837.
 18000, 113.9460,  30.9000,      10.
 18069, 114.0050,  30.8950,      11.
 18070, 114.0740,  30.8880,      13.
 18071, 114.1510,  30.8850,      15.
 18072, 114.2300,  30.8850,      17.
 18073, 114.3050,  30.8890,      18.
 18074, 114.3730,  30.8940,      18.
 18075, 114.4350,  30.8950,      18.
 18076, 114.4900,  30.8880,      18.
 18077, 114.5420,  30.8680,      18.
 18078, 114.6000,  30.8310,      17.
 18079, 114.6700,  30.7760,      16.
 18080, 114.7500,  30.7030,      18.
 18081, 114.8410,  30.6240,      23.
 18082, 114.9410,  30.5360,      28.
 18083, 115.0530,  30.4310,      33.
 18084, 115.1700,  30.3300,      47.
 18085, 115.2990,  30.2260,      70.
 18086, 115.4400,  30.1370,      90.
 18087, 115.5960,  30.0610,     108.
 18088, 115.7350,  30.0060,     120.
 18089, 115.8450,  29.9450,     116.
 18090, 115.9510,  29.8300,     127.
 18091, 116.0350,  29.6790,     162.
 18092, 116.0840,  29.5490,     200.
 18093, 116.1030,  29.4360,     235.
 18094, 116.0960,  29.3270,     237.
 18095, 116.0370,  29.2170,     225.
 18096, 115.9420,  29.1000,     264.
 18097, 115.8600,  28.9820,     416.
 18098, 115.8400,  28.8070,     676.
 18099, 115.9350,  28.5920,     954.
 18100, 116.0970,  28.3760,    1155.
 18101, 116.2600,  28.1520,    1424.
 18102, 116.4290,  27.9600,    1818.
 18103, 116.5970,  27.7910,    2172.
 18104, 116.6940,  27.7340,    2718.
 18105, 116.6130,  27.7930,    3218.
 18106, 116.4370,  27.9000,    3733.
 18107, 116.1460,  27.9400,    4005.
 18108, 115.9010,  27.9410,    4259.
 18109, 115.7360,  27.9130,    4381.
 18110, 115.5020,  27.8480,    4470.
 18111, 115.1730,  27.7650,    4658.
 18112, 114.7130,  27.6270,    4632.
 18113, 114.1760,  27.4690,    4479.
 18114, 113.7340,  27.2840,    4188.
 18115, 113.3830,  27.1020,    3950.
 18116, 113.1690,  26.9660,    3750.
 19000, 113.9460,  30.9000,      10.
 19073, 114.0280,  30.9150,      10.
 19074, 114.1100,  30.9270,      10.
 19075, 114.1890,  30.9340,      10.
 19076, 114.2730,  30.9340,       9.
 19077, 114.3480,  30.9260,       9.
 19078, 114.4110,  30.9020,       9.
 19079, 114.4730,  30.8590,       9.
 19080, 114.5430,  30.7970,      10.
 19081, 114.6270,  30.7250,      12.
 19082, 114.7210,  30.6430,      18.
 19083, 114.8370,  30.5500,      28.
 19084, 114.9730,  30.4420,      39.
 19085, 115.1170,  30.3240,      59.
 19086, 115.2730,  30.2050,      90.
 19087, 115.4430,  30.0960,     115.
 19088, 115.6110,  30.0030,     139.
 19089, 115.7430,  29.9360,     144.
 19090, 115.8470,  29.8540,     142.
 19091, 115.9290,  29.7230,     160.
 19092, 115.9820,  29.5920,     193.
 19093, 116.0050,  29.4870,     241.
 19094, 116.0110,  29.3760,     280.
 19095, 115.9730,  29.2460,     294.
 19096, 115.8990,  29.1040,     353.
 19097, 115.8610,  28.9510,     557.
 19098, 115.9190,  28.7430,     900.
 19099, 116.0820,  28.5340,    1111.
 19100, 116.2670,  28.3090,    1280.
 19101, 116.4680,  28.1410,    1771.
 19102, 116.6530,  28.0790,    2353.
 19103, 116.7480,  28.1170,    2932.
 19104, 116.7280,  28.1810,    3689.
 19105, 116.7180,  28.2690,    4220.
 19106, 116.7130,  28.4310,    4880.
 19107, 116.5280,  28.6180,    5513.
 19108, 116.2250,  28.7070,    5729.
 19109, 115.7720,  28.7290,    5709.
 19110, 115.2640,  28.6930,    5497.
 19111, 114.7200,  28.5900,    5237.
 19112, 114.1080,  28.4000,    4938.
 19113, 113.6350,  28.2080,    4754.
 19114, 113.3370,  28.0320,    4683.
 19115, 113.1400,  27.8900,    4685.
 19116, 112.9370,  27.7370,    4693.
 19117, 112.7410,  27.6090,    4645.
 19118, 112.6010,  27.5350,    4606.
 19119, 112.4880,  27.4820,    4542.
 19120, 112.3700,  27.4190,    4493.
 20000, 113.9460,  30.9000,      10.
 20077, 114.0100,  30.9230,       8.
 20078, 114.0770,  30.9400,       5.
 20079, 114.1460,  30.9460,       3.
 20080, 114.2170,  30.9280,       1.
 20081, 114.2920,  30.8860,       0.
 20082, 114.3630,  30.8290,       0.
 20083, 114.4510,  30.7520,       0.
 20084, 114.5600,  30.6530,       2.
 20085, 114.6710,  30.5510,       5.
 20086, 114.8120,  30.4560,      10.
 20087, 114.9520,  30.3510,      17.
 20088, 115.1090,  30.2430,      24.
 20089, 115.2790,  30.1250,      24.
 20090, 115.4400,  30.0070,      17.
 20091, 115.5810,  29.8920,      30.
 20092, 115.6720,  29.7730,      64.
 20093, 115.7270,  29.6550,      96.
 20094, 115.7830,  29.5350,     111.
 20095, 115.8080,  29.4280,     108.
 20096, 115.7780,  29.3280,     105.
 20097, 115.7000,  29.2250,     130.
 20098, 115.5910,  29.1380,     217.
 20099, 115.4670,  29.0540,     408.
 20100, 115.3850,  28.9180,     711.
 20101, 115.4370,  28.6870,    1111.
 20102, 115.5810,  28.4250,    1411.
 20103, 115.7910,  28.1990,    1626.
 20104, 116.0410,  28.0330,    1898.
 20105, 116.2870,  27.9730,    2125.
 20106, 116.5500,  27.9970,    2579.
 20107, 116.8060,  28.0450,    3042.
 20108, 116.9770,  28.1030,    3494.
 20109, 117.0670,  28.1910,    3719.
 20110, 117.1200,  28.2860,    3760.
 20111, 117.1400,  28.3630,    3775.
 20112, 117.1210,  28.4270,    3821.
 20113, 117.0680,  28.4850,    3890.
 20114, 117.0000,  28.5410,    3938.
 20115, 116.9270,  28.5970,    3999.
 20116, 116.8370,  28.6500,    4101.
 20117, 116.7210,  28.7010,    4212.
 20118, 116.5850,  28.7400,    4266.
 20119, 116.4620,  28.7710,    4309.
 20120, 116.3430,  28.7980,    4384.
 20121, 116.2240,  28.8240,    4433.
 20122, 116.1130,  28.8610,    4461.
 20123, 116.0020,  28.9250,    4501.
 20124, 115.8820,  29.0170,    4569.
END
