  1000, 113.9420,  30.9070,      10.
  1001, 113.9090,  31.0140,      11.
  1002, 113.8790,  31.1270,      14.
  1003, 113.8600,  31.2540,      25.
  1004, 113.8430,  31.4070,      48.
  1005, 113.8320,  31.5740,      83.
  1006, 113.8640,  31.7420,     168.
  1007, 113.9620,  31.9590,     283.
  1008, 114.0380,  32.1780,     283.
  1009, 114.0900,  32.3700,     272.
  1010, 114.1720,  32.5670,     253.
  1011, 114.2720,  32.7750,     254.
  1012, 114.3740,  33.0080,     251.
  1013, 114.4980,  33.2670,     270.
  1014, 114.6410,  33.5610,     321.
  1015, 114.7850,  33.9110,     368.
  1016, 114.9370,  34.3250,     413.
  1017, 115.0750,  34.7520,     499.
  1018, 115.2390,  35.1530,     553.
  1019, 115.4160,  35.5370,     555.
  1020, 115.5890,  35.9200,     530.
  1021, 115.7210,  36.3090,     478.
  1022, 115.8290,  36.7260,     467.
  1023, 115.9510,  37.1040,     499.
  1024, 116.0850,  37.4530,     384.
  1025, 116.1600,  37.8230,     278.
  1026, 116.2640,  38.2120,     276.
  1027, 116.4950,  38.6060,     257.
  1028, 116.8120,  38.9790,     244.
  1029, 117.1770,  39.3250,     256.
  1030, 117.5410,  39.6870,     306.
  1031, 117.8350,  40.0360,     496.
  1032, 118.0570,  40.3080,    1030.
  1033, 118.1950,  40.5470,    1321.
  1034, 118.2090,  40.8050,    1670.
  1035, 118.1860,  41.0290,    2021.
  1036, 118.0830,  41.1920,    2484.
  1037, 117.8570,  41.3400,    3193.
  1038, 117.5350,  41.4370,    3330.
  1039, 117.1860,  41.4160,    3480.
  1040, 116.8140,  41.3100,    3547.
  1041, 116.4520,  41.1520,    3160.
  1042, 116.1020,  40.9710,    2889.
  1043, 115.7530,  40.7420,    2729.
  1044, 115.4140,  40.5150,    2748.
  1045, 115.0720,  40.3270,    2881.
  1046, 114.7330,  40.1430,    2939.
  1047, 114.4280,  39.9760,    2902.
  1048, 114.1270,  39.8110,    2914.
  2000, 113.9420,  30.9070,      10.
  2005, 113.9140,  31.0300,      16.
  2006, 113.9070,  31.1570,      31.
  2007, 113.9230,  31.2900,      56.
  2008, 113.9700,  31.4170,      93.
  2009, 114.0490,  31.5310,     142.
  2010, 114.1330,  31.6640,     202.
  2011, 114.1960,  31.8340,     284.
  2012, 114.2150,  32.0320,     312.
  2013, 114.2200,  32.2470,     294.
  2014, 114.2360,  32.5120,     301.
  2015, 114.2420,  32.8280,     311.
  2016, 114.2430,  33.1780,     342.
  2017, 114.3080,  33.6080,     422.
  2018, 114.4230,  34.0900,     485.
  2019, 114.6130,  34.5810,     522.
  2020, 114.7940,  35.0740,     540.
  2021, 114.9420,  35.5590,     524.
  2022, 115.0770,  36.0600,     524.
  2023, 115.2400,  36.5270,     570.
  2024, 115.4220,  36.9710,     543.
  2025, 115.5870,  37.4240,     510.
  2026, 115.8250,  37.8740,     552.
  2027, 116.1850,  38.2910,     546.
  2028, 116.6420,  38.7090,     488.
  2029, 117.1160,  39.0540,     551.
  2030, 117.5690,  39.3310,     501.
  2031, 117.9680,  39.5390,     342.
  2032, 118.3010,  39.7320,     288.
  2033, 118.5400,  39.9250,     312.
  2034, 118.6580,  40.0740,     387.
  2035, 118.6930,  40.1390,     536.
  2036, 118.6960,  40.1070,     682.
  2037, 118.7210,  40.0060,     824.
  2038, 118.7370,  39.8640,     940.
  2039, 118.7360,  39.7200,     959.
  2040, 118.7530,  39.5850,     984.
  2041, 118.7590,  39.4430,    1022.
  2042, 118.7110,  39.2840,    1066.
  2043, 118.6320,  39.1240,    1092.
  2044, 118.5250,  38.9810,    1079.
  2045, 118.3760,  38.8390,    1049.
  2046, 118.2290,  38.6900,     936.
  2047, 118.0880,  38.5300,     865.
  2048, 117.9520,  38.3170,     918.
  2049, 117.8230,  38.0550,     960.
  2050, 117.6970,  37.7840,     958.
  2051, 117.5420,  37.5250,     960.
  2052, 117.3770,  37.2750,     934.
  3000, 113.9420,  30.9070,      10.
  3009, 113.9760,  31.0070,      15.
  3010, 114.0290,  31.1050,      29.
  3011, 114.0990,  31.2160,      59.
  3012, 114.1680,  31.3400,     102.
  3013, 114.2340,  31.4840,     150.
  3014, 114.2810,  31.6470,     203.
  3015, 114.2770,  31.8190,     273.
  3016, 114.2130,  32.0310,     270.
  3017, 114.1240,  32.2740,     231.
  3018, 114.0240,  32.5510,     255.
  3019, 113.9360,  32.9040,     316.
  3020, 113.8890,  33.2930,     297.
  3021, 113.9190,  33.7170,     282.
  3022, 114.0290,  34.1900,     308.
  3023, 114.1930,  34.6840,     320.
  3024, 114.3680,  35.2200,     344.
  3025, 114.4640,  35.7930,     438.
  3026, 114.5360,  36.3310,     462.
  3027, 114.6370,  36.9060,     455.
  3028, 114.7600,  37.4500,     445.
  3029, 114.9810,  37.9380,     543.
  3030, 115.3370,  38.4340,     524.
  3031, 115.7080,  38.9610,     729.
  3032, 115.9630,  39.4470,     773.
  3033, 116.1390,  39.8630,     916.
  3034, 116.1900,  40.2140,    1367.
  3035, 116.2150,  40.4650,    1814.
  3036, 116.2210,  40.6340,    2110.
  3037, 116.1840,  40.7310,    2065.
  3038, 116.0780,  40.7730,    1873.
  3039, 115.9270,  40.8110,    1792.
  3040, 115.7390,  40.8410,    1801.
  3041, 115.5020,  40.8420,    1788.
  3042, 115.2530,  40.8110,    1688.
  3043, 115.0250,  40.8040,    1599.
  3044, 114.8130,  40.8370,    1526.
  3045, 114.5900,  40.8820,    1513.
  3046, 114.3500,  40.9210,    1544.
  3047, 114.0680,  40.9780,    1542.
  3048, 113.7170,  41.0740,    1504.
  3049, 113.3180,  41.1900,    1480.
  3050, 112.8820,  41.2560,    1431.
  3051, 112.3730,  41.2480,    1562.
  3052, 111.8660,  41.2220,    1646.
  3053, 111.4020,  41.2350,    1578.
  3054, 110.9770,  41.3140,    1548.
  3055, 110.4610,  41.5010,    1516.
  3056, 109.8450,  41.7840,    1509.
  4000, 113.9420,  30.9070,      10.
  4013, 113.9470,  31.0530,      13.
  4014, 113.9780,  31.2130,      37.
  4015, 114.0580,  31.3720,      92.
  4016, 114.1380,  31.5130,     145.
  4017, 114.1920,  31.6460,     182.
  4018, 114.2120,  31.7690,     210.
  4019, 114.1880,  31.9120,     193.
  4020, 114.1230,  32.0750,     151.
  4021, 114.0200,  32.2020,     129.
  4022, 113.8750,  32.3050,      94.
  4023, 113.7510,  32.4470,     131.
  4024, 113.6680,  32.6290,     210.
  4025, 113.5700,  32.8800,     262.
  4026, 113.3940,  33.2240,     241.
  4027, 113.2150,  33.6090,     209.
  4028, 112.9100,  34.0120,     341.
  4029, 112.4640,  34.3640,     517.
  4030, 112.0320,  34.5900,     602.
  4031, 111.7260,  34.8500,     837.
  4032, 111.5390,  35.1600,    1045.
  4033, 111.4480,  35.4470,    1141.
  4034, 111.4410,  35.7350,    1150.
  4035, 111.4480,  36.0640,    1004.
  4036, 111.4950,  36.5080,     985.
  4037, 111.5000,  36.9620,    1133.
  4038, 111.5800,  37.2440,     880.
  4039, 111.6440,  37.4440,     544.
  4040, 111.7240,  37.5270,     327.
  4041, 111.8550,  37.5610,     180.
  4042, 111.9730,  37.6010,      59.
  4043, 112.0800,  37.6370,       0.
  4044, 112.1790,  37.6750,       0.
  4045, 112.2650,  37.7090,       0.
  4046, 112.3400,  37.7440,       0.
  4047, 112.4000,  37.7840,       0.
  4048, 112.4520,  37.8220,       0.
  4049, 112.5000,  37.8580,       0.
  4050, 112.5500,  37.8890,       0.
  4051, 112.6050,  37.9120,       0.
  4052, 112.6610,  37.9300,       3.
  4053, 112.7160,  37.9380,      24.
  4054, 112.7740,  37.9230,      67.
  4055, 112.8370,  37.8780,      86.
  4056, 112.9050,  37.8260,      86.
  4057, 112.9880,  37.7930,      94.
  4058, 113.0960,  37.7730,     118.
  4059, 113.2350,  37.7490,     166.
  4060, 113.3740,  37.7050,     224.
  5000, 113.9420,  30.9070,      10.
  5017, 114.0020,  30.9890,      14.
  5018, 114.0950,  31.0360,      21.
  5019, 114.2020,  31.0270,      23.
  5020, 114.3190,  30.9830,      20.
  5021, 114.4240,  30.9220,      10.
  5022, 114.5320,  30.8450,       0.
  5023, 114.6720,  30.7480,       0.
  5024, 114.8310,  30.6400,       1.
  5025, 114.9780,  30.5330,       3.
  5026, 115.1140,  30.4260,       8.
  5027, 115.2340,  30.3350,      19.
  5028, 115.3710,  30.2420,      38.
  5029, 115.5250,  30.1470,      61.
  5030, 115.6810,  30.0620,      89.
  5031, 115.7980,  30.0270,     118.
  5032, 115.8960,  29.9500,     112.
  5033, 115.9670,  29.8090,     133.
  5034, 115.9960,  29.6010,     240.
  5035, 116.0410,  29.3380,     274.
  5036, 116.1230,  29.0550,     258.
  5037, 116.2200,  28.7730,     344.
  5038, 116.3410,  28.4900,     452.
  5039, 116.4680,  28.2490,     582.
  5040, 116.5920,  28.0330,     699.
  5041, 116.7190,  27.8430,     736.
  5042, 116.8680,  27.6770,     795.
  5043, 117.0490,  27.5290,     906.
  5044, 117.2300,  27.3750,    1044.
  5045, 117.3650,  27.2030,    1182.
  5046, 117.4880,  27.0280,    1242.
  5047, 117.6270,  26.8600,    1279.
  5048, 117.8210,  26.6730,    1295.
  5049, 118.0420,  26.4830,    1329.
  5050, 118.3120,  26.2990,    1381.
  5051, 118.5870,  26.1270,    1486.
  5052, 118.8830,  25.9850,    1531.
  5053, 119.2580,  25.9250,    1544.
  5054, 119.6760,  25.9520,    1633.
  5055, 120.0770,  25.9760,    1652.
  5056, 120.4890,  25.9860,    1627.
  5057, 120.9060,  25.9720,    1693.
  5058, 121.3140,  25.9320,    1777.
  5059, 121.6910,  25.8790,    1804.
  5060, 122.0230,  25.8300,    1863.
  5061, 122.3260,  25.7980,    1942.
  5062, 122.5990,  25.7950,    1986.
  5063, 122.8650,  25.8200,    2071.
  5064, 123.1240,  25.8700,    2198.
  6000, 113.9420,  30.9070,      10.
  6021, 114.0450,  30.8610,      10.
  6022, 114.1520,  30.8110,      10.
  6023, 114.2600,  30.7440,       8.
  6024, 114.3700,  30.6530,       7.
  6025, 114.4760,  30.5550,       7.
  6026, 114.5700,  30.4690,       8.
  6027, 114.6520,  30.3880,      12.
  6028, 114.6980,  30.3130,      16.
  6029, 114.7260,  30.2520,      18.
  6030, 114.7900,  30.2000,      29.
  6031, 114.9130,  30.1020,      59.
  6032, 115.0550,  29.9480,      90.
  6033, 115.2200,  29.7660,     147.
  6034, 115.4220,  29.4920,     221.
  6035, 115.5730,  29.2420,     207.
  6036, 115.6790,  29.0130,     178.
  6037, 115.7820,  28.8200,     149.
  6038, 115.8700,  28.6490,     138.
  6039, 115.9860,  28.4660,     154.
  6040, 116.1180,  28.2800,     206.
  6041, 116.2590,  28.0740,     247.
  6042, 116.3840,  27.8770,     282.
  6043, 116.5180,  27.6600,     476.
  6044, 116.6630,  27.4860,     658.
  6045, 116.8190,  27.3460,     724.
  6046, 116.9700,  27.2210,     806.
  6047, 117.1300,  27.0830,     896.
  6048, 117.3310,  26.9320,     892.
  6049, 117.5570,  26.7860,     904.
  6050, 117.8040,  26.6190,     894.
  6051, 118.0890,  26.4510,     967.
  6052, 118.4200,  26.3180,    1038.
  6053, 118.8360,  26.2260,    1136.
  6054, 119.2860,  26.2130,    1107.
  6055, 119.7060,  26.2410,    1069.
  6056, 120.1100,  26.2680,     975.
  6057, 120.5500,  26.2600,     949.
  6058, 121.0040,  26.2150,     960.
  6059, 121.4610,  26.1500,     930.
  6060, 121.9050,  26.0870,     916.
  6061, 122.3210,  26.0480,     918.
  6062, 122.7230,  26.0240,     916.
  6063, 123.1040,  26.0170,     954.
  6064, 123.4700,  26.0230,     932.
  6065, 123.8570,  26.0480,     888.
  6066, 124.2510,  26.0850,     900.
  6067, 124.6450,  26.1330,     934.
  6068, 125.0400,  26.1800,     985.
  7000, 113.9420,  30.9070,      10.
  7025, 114.0410,  30.8140,       9.
  7026, 114.1230,  30.7110,       8.
  7027, 114.1910,  30.6240,       8.
  7028, 114.2430,  30.5650,       8.
  7029, 114.3060,  30.5230,       9.
  7030, 114.4030,  30.4810,      10.
  7031, 114.5400,  30.4410,      10.
  7032, 114.7080,  30.3790,      13.
  7033, 114.8990,  30.2710,      35.
  7034, 115.1240,  30.0970,      65.
  7035, 115.3290,  29.9230,      82.
  7036, 115.5380,  29.6890,     165.
  7037, 115.7610,  29.4320,     168.
  7038, 115.9180,  29.1930,     146.
  7039, 116.0260,  28.9620,     164.
  7040, 116.1280,  28.7270,     203.
  7041, 116.2440,  28.4940,     288.
  7042, 116.3890,  28.2540,     386.
  7043, 116.5360,  28.0280,     481.
  7044, 116.6810,  27.8290,     560.
  7045, 116.8450,  27.6580,     667.
  7046, 117.0370,  27.4790,     845.
  7047, 117.2200,  27.2780,    1001.
  7048, 117.3940,  27.0740,    1091.
  7049, 117.5920,  26.8770,    1128.
  7050, 117.8480,  26.6650,    1121.
  7051, 118.1530,  26.4590,    1198.
  7052, 118.5050,  26.2780,    1346.
  7053, 118.8650,  26.1310,    1441.
  7054, 119.2700,  26.0700,    1463.
  7055, 119.6920,  26.0840,    1514.
  7056, 120.0970,  26.1050,    1479.
  7057, 120.5210,  26.1030,    1462.
  7058, 120.9490,  26.0700,    1522.
  7059, 121.3630,  26.0150,    1550.
  7060, 121.7500,  25.9410,    1532.
  7061, 122.0960,  25.8690,    1564.
  7062, 122.4090,  25.8200,    1576.
  7063, 122.7060,  25.7900,    1557.
  7064, 123.0090,  25.7690,    1637.
  7065, 123.3140,  25.7610,    1692.
  7066, 123.6260,  25.7660,    1692.
  7067, 123.9520,  25.7730,    1719.
  7068, 124.2830,  25.7840,    1764.
  7069, 124.6130,  25.8060,    1786.
  7070, 124.9490,  25.8300,    1850.
  7071, 125.2820,  25.8510,    1903.
  7072, 125.6070,  25.8700,    1934.
  8000, 113.9420,  30.9070,      10.
  8029, 114.0680,  30.8230,      16.
  8030, 114.2150,  30.7640,      19.
  8031, 114.4010,  30.7010,      20.
  8032, 114.6120,  30.5990,      20.
  8033, 114.8460,  30.4520,      26.
  8034, 115.1000,  30.2670,      44.
  8035, 115.3440,  30.0770,      67.
  8036, 115.5410,  29.8960,      88.
  8037, 115.7000,  29.7160,     146.
  8038, 115.8510,  29.5220,     202.
  8039, 115.9660,  29.3130,     280.
  8040, 116.0570,  29.1120,     265.
  8041, 116.1570,  28.8990,     286.
  8042, 116.2600,  28.6940,     306.
  8043, 116.3900,  28.4820,     316.
  8044, 116.5170,  28.3030,     374.
  8045, 116.6310,  28.1370,     471.
  8046, 116.7340,  27.9930,     452.
  8047, 116.8410,  27.8700,     432.
  8048, 117.0000,  27.7300,     595.
  8049, 117.2210,  27.5440,     781.
  8050, 117.4860,  27.3170,     954.
  8051, 117.7330,  27.1010,    1022.
  8052, 118.0050,  26.8990,    1018.
  8053, 118.3120,  26.7050,    1063.
  8054, 118.6440,  26.5390,    1162.
  8055, 119.0030,  26.4070,    1201.
  8056, 119.4210,  26.3440,    1278.
  8057, 119.8080,  26.3530,    1222.
  8058, 120.1930,  26.3690,    1140.
  8059, 120.6120,  26.3540,    1133.
  8060, 121.0490,  26.3080,    1126.
  8061, 121.4850,  26.2470,    1122.
  8062, 121.8910,  26.1760,    1166.
  8063, 122.2640,  26.1080,    1165.
  8064, 122.6310,  26.0570,    1133.
  8065, 122.9910,  26.0230,    1160.
  8066, 123.3540,  26.0080,    1136.
  8067, 123.7300,  26.0120,    1140.
  8068, 124.1140,  26.0220,    1145.
  8069, 124.4990,  26.0480,    1131.
  8070, 124.8900,  26.0780,    1168.
  8071, 125.2880,  26.1030,    1224.
  8072, 125.6790,  26.1220,    1272.
  8073, 126.0730,  26.1210,    1335.
  8074, 126.4750,  26.1050,    1384.
  8075, 126.8790,  26.0950,    1405.
  8076, 127.2800,  26.0910,    1452.
  9000, 113.9420,  30.9070,      10.
  9033, 114.1450,  30.8370,      11.
  9034, 114.3380,  30.7310,       9.
  9035, 114.5300,  30.6000,       9.
  9036, 114.7400,  30.4510,      13.
  9037, 114.9730,  30.2760,      38.
  9038, 115.2250,  30.0580,      58.
  9039, 115.4510,  29.8060,     112.
  9040, 115.6770,  29.5130,     196.
  9041, 115.8580,  29.2630,     209.
  9042, 115.9800,  29.0600,     182.
  9043, 116.0880,  28.8570,     173.
  9044, 116.2070,  28.6570,     154.
  9045, 116.3620,  28.4630,     190.
  9046, 116.5060,  28.2980,     288.
  9047, 116.6290,  28.1450,     366.
  9048, 116.7350,  28.0360,     338.
  9049, 116.8270,  27.9600,     305.
  9050, 116.9410,  27.8630,     378.
  9051, 117.1350,  27.7180,     606.
  9052, 117.4330,  27.5010,     809.
  9053, 117.7210,  27.2900,     948.
  9054, 117.9910,  27.0780,     973.
  9055, 118.2680,  26.8780,     970.
  9056, 118.6240,  26.6850,    1128.
  9057, 118.9910,  26.5260,    1236.
  9058, 119.3920,  26.4440,    1342.
  9059, 119.7720,  26.4450,    1332.
  9060, 120.1440,  26.4660,    1179.
  9061, 120.5550,  26.4730,    1127.
  9062, 120.9800,  26.4480,    1103.
  9063, 121.3950,  26.3880,    1094.
  9064, 121.7970,  26.3060,    1118.
  9065, 122.1950,  26.2300,    1132.
  9066, 122.5860,  26.1710,    1144.
  9067, 122.9770,  26.1330,    1109.
  9068, 123.3710,  26.1180,    1137.
  9069, 123.7690,  26.1130,    1182.
  9070, 124.1760,  26.1190,    1156.
  9071, 124.5780,  26.1410,    1149.
  9072, 124.9940,  26.1690,    1190.
  9073, 125.4000,  26.1930,    1239.
  9074, 125.7930,  26.2010,    1307.
  9075, 126.1980,  26.1930,    1369.
  9076, 126.6080,  26.1850,    1416.
  9077, 127.0160,  26.1850,    1460.
  9078, 127.4260,  26.1930,    1456.
  9079, 127.8570,  26.2090,    1468.
  9080, 128.2840,  26.2360,    1482.
 10000, 113.9420,  30.9070,      10.
 10037, 114.0810,  30.7960,       9.
 10038, 114.2410,  30.6630,       6.
 10039, 114.4140,  30.5120,       6.
 10040, 114.5770,  30.3460,       8.
 10041, 114.7470,  30.1740,      39.
 10042, 114.9480,  29.9720,     114.
 10043, 115.1540,  29.7410,     167.
 10044, 115.3680,  29.4900,     209.
 10045, 115.5660,  29.2690,     187.
 10046, 115.7110,  29.0600,     157.
 10047, 115.8350,  28.8450,     133.
 10048, 115.9970,  28.6480,     127.
 10049, 116.2170,  28.4540,     142.
 10050, 116.4160,  28.2800,     178.
 10051, 116.5850,  28.1110,     199.
 10052, 116.7520,  27.9510,     252.
 10053, 116.9570,  27.7970,     480.
 10054, 117.2820,  27.5650,     808.
 10055, 117.6180,  27.3360,     890.
 10056, 117.9040,  27.1060,     908.
 10057, 118.1860,  26.8930,     952.
 10058, 118.5110,  26.6900,    1121.
 10059, 118.8610,  26.5350,    1264.
 10060, 119.2580,  26.4440,    1373.
 10061, 119.6690,  26.4460,    1363.
 10062, 120.0470,  26.4790,    1189.
 10063, 120.4450,  26.4990,    1119.
 10064, 120.8490,  26.4790,    1115.
 10065, 121.2560,  26.4190,    1114.
 10066, 121.6750,  26.3330,    1136.
 10067, 122.1090,  26.2490,    1121.
 10068, 122.5320,  26.1900,    1161.
 10069, 122.9400,  26.1540,    1142.
 10070, 123.3510,  26.1430,    1209.
 10071, 123.7620,  26.1340,    1263.
 10072, 124.1700,  26.1310,    1233.
 10073, 124.5890,  26.1470,    1208.
 10074, 125.0190,  26.1710,    1238.
 10075, 125.4330,  26.1810,    1291.
 10076, 125.8460,  26.1760,    1344.
 10077, 126.2660,  26.1740,    1397.
 10078, 126.6840,  26.1800,    1444.
 10079, 127.1010,  26.1970,    1436.
 10080, 127.5290,  26.2180,    1411.
 10081, 127.9560,  26.2390,    1486.
 10082, 128.3600,  26.2740,    1514.
 10083, 128.7620,  26.3220,    1530.
 10084, 129.1600,  26.3750,    1544.
 11000, 113.9420,  30.9070,      10.
 11041, 114.0950,  30.7390,       5.
 11042, 114.2510,  30.5900,       8.
 11043, 114.4070,  30.4560,      11.
 11044, 114.5600,  30.3340,      15.
 11045, 114.7200,  30.2390,      31.
 11046, 114.8910,  30.1450,      61.
 11047, 115.0550,  30.0140,      77.
 11048, 115.2150,  29.8700,      95.
 11049, 115.4190,  29.6530,     178.
 11050, 115.6360,  29.4200,     154.
 11051, 115.7920,  29.1910,     107.
 11052, 115.8620,  29.0020,      78.
 11053, 115.9140,  28.7970,      74.
 11054, 116.0060,  28.5640,      74.
 11055, 116.1280,  28.3130,     108.
 11056, 116.3030,  28.0420,     158.
 11057, 116.5370,  27.7840,     252.
 11058, 116.8520,  27.5060,     429.
 11059, 117.1980,  27.2540,     804.
 11060, 117.5320,  27.0760,    1064.
 11061, 117.8230,  26.9380,    1267.
 11062, 118.0870,  26.8400,    1421.
 11063, 118.3400,  26.7310,    1515.
 11064, 118.6070,  26.6310,    1582.
 11065, 118.8920,  26.5290,    1620.
 11066, 119.1830,  26.4370,    1696.
 11067, 119.5470,  26.4210,    1720.
 11068, 119.9350,  26.4720,    1714.
 11069, 120.3200,  26.5350,    1599.
 11070, 120.7100,  26.5860,    1578.
 11071, 121.0920,  26.6100,    1610.
 11072, 121.4660,  26.6260,    1581.
 11073, 121.8400,  26.6450,    1501.
 11074, 122.2000,  26.6570,    1597.
 11075, 122.5410,  26.6520,    1608.
 11076, 122.8800,  26.6320,    1618.
 11077, 123.2210,  26.6110,    1630.
 11078, 123.5720,  26.6010,    1606.
 11079, 123.9230,  26.5980,    1623.
 11080, 124.2670,  26.5960,    1614.
 11081, 124.5990,  26.5930,    1655.
 11082, 124.9180,  26.5930,    1762.
 11083, 125.2260,  26.5970,    1857.
 11084, 125.5210,  26.5980,    1927.
 11085, 125.8010,  26.5910,    1916.
 11086, 126.0770,  26.5840,    1884.
 11087, 126.3560,  26.5930,    1890.
 11088, 126.6360,  26.6210,    1884.
 12000, 113.9420,  30.9070,      10.
 12045, 114.1240,  30.8420,      11.
 12046, 114.3010,  30.7790,      10.
 12047, 114.4980,  30.6870,      10.
 12048, 114.7140,  30.5740,      13.
 12049, 114.9600,  30.4470,      15.
 12050, 115.1980,  30.3020,      27.
 12051, 115.4060,  30.1540,      46.
 12052, 115.5700,  30.0050,      52.
 12053, 115.6980,  29.8900,      61.
 12054, 115.7980,  29.7600,      94.
 12055, 115.8670,  29.5880,     133.
 12056, 115.9070,  29.4110,     132.
 12057, 115.9490,  29.2070,     104.
 12058, 116.0340,  28.9680,     119.
 12059, 116.1170,  28.7210,     147.
 12060, 116.2580,  28.4790,     199.
 12061, 116.4330,  28.2120,     254.
 12062, 116.6350,  27.9220,     386.
 12063, 116.9110,  27.6610,     665.
 12064, 117.2310,  27.4480,     948.
 12065, 117.5270,  27.2820,    1213.
 12066, 117.7690,  27.1410,    1317.
 12067, 118.0060,  27.0000,    1322.
 12068, 118.2600,  26.8710,    1320.
 12069, 118.5850,  26.7380,    1371.
 12070, 118.9100,  26.6070,    1468.
 12071, 119.2190,  26.5100,    1565.
 12072, 119.5980,  26.4810,    1674.
 12073, 119.9760,  26.5320,    1640.
 12074, 120.3330,  26.6140,    1560.
 12075, 120.6740,  26.6810,    1566.
 12076, 121.0000,  26.7180,    1556.
 12077, 121.3250,  26.7320,    1497.
 12078, 121.6580,  26.7250,    1560.
 12079, 121.9870,  26.7080,    1646.
 12080, 122.3250,  26.7020,    1714.
 12081, 122.6620,  26.7020,    1748.
 12082, 122.9920,  26.6920,    1706.
 12083, 123.3140,  26.6690,    1691.
 12084, 123.6240,  26.6400,    1719.
 12085, 123.9300,  26.6160,    1714.
 12086, 124.2310,  26.5940,    1667.
 12087, 124.5260,  26.5600,    1662.
 12088, 124.8040,  26.5140,    1742.
 12089, 125.0790,  26.4780,    1781.
 12090, 125.3690,  26.4580,    1752.
 12091, 125.6710,  26.4480,    1748.
 12092, 125.9650,  26.4450,    1805.
 13000, 113.9420,  30.9070,      10.
 13049, 114.0810,  30.8800,      11.
 13050, 114.2230,  30.8310,      11.
 13051, 114.3810,  30.7600,      10.
 13052, 114.5560,  30.6660,      11.
 13053, 114.7570,  30.5610,      12.
 13054, 114.9600,  30.4550,      18.
 13055, 115.1250,  30.3550,      28.
 13056, 115.2830,  30.2400,      44.
 13057, 115.4400,  30.1170,      62.
 13058, 115.5780,  30.0060,      65.
 13059, 115.7150,  29.9050,      48.
 13060, 115.8330,  29.7890,      56.
 13061, 115.9420,  29.6230,     158.
 13062, 116.0570,  29.4680,     271.
 13063, 116.2030,  29.3130,     325.
 13064, 116.3520,  29.1740,     363.
 13065, 116.5240,  29.0350,     317.
 13066, 116.7170,  28.9020,     258.
 13067, 116.9500,  28.7700,     278.
 13068, 117.2200,  28.6360,     316.
 13069, 117.5380,  28.5530,     414.
 13070, 117.8630,  28.5040,     639.
 13071, 118.1290,  28.4350,     616.
 13072, 118.2880,  28.3130,     664.
 13073, 118.4110,  28.1530,     826.
 13074, 118.5900,  27.9880,     925.
 13075, 118.8150,  27.8590,    1060.
 13076, 119.1010,  27.7010,    1253.
 13077, 119.4450,  27.4970,    1359.
 13078, 119.8340,  27.3340,    1394.
 13079, 120.2290,  27.2520,    1421.
 13080, 120.5630,  27.2460,    1324.
 13081, 120.8690,  27.2480,    1226.
 13082, 121.1860,  27.2300,    1148.
 13083, 121.5280,  27.1960,    1027.
 13084, 121.8770,  27.1440,    1006.
 13085, 122.2190,  27.0810,    1029.
 13086, 122.5620,  26.9990,    1093.
 13087, 122.9060,  26.8990,    1148.
 13088, 123.2530,  26.7980,    1140.
 13089, 123.6100,  26.7090,    1109.
 13090, 123.9850,  26.6360,    1080.
 13091, 124.3720,  26.5800,    1094.
 13092, 124.7520,  26.5340,    1107.
 13093, 125.1210,  26.4960,    1067.
 13094, 125.4890,  26.4690,     955.
 13095, 125.8550,  26.4530,     878.
 13096, 126.2070,  26.4450,     867.
 14000, 113.9420,  30.9070,      10.
 14053, 114.0610,  30.8010,       9.
 14054, 114.2140,  30.6870,       9.
 14055, 114.3980,  30.5670,      11.
 14056, 114.6070,  30.4340,      13.
 14057, 114.8280,  30.2940,      38.
 14058, 115.0880,  30.0890,     112.
 14059, 115.3450,  29.8430,     218.
 14060, 115.6090,  29.5650,     342.
 14061, 115.8660,  29.3470,     410.
 14062, 116.0830,  29.1570,     428.
 14063, 116.2870,  28.9930,     456.
 14064, 116.4840,  28.8520,     487.
 14065, 116.6940,  28.7250,     534.
 14066, 116.9380,  28.6090,     586.
 14067, 117.2400,  28.4880,     664.
 14068, 117.5550,  28.3640,     783.
 14069, 117.7940,  28.2010,     858.
 14070, 117.9490,  27.9980,    1012.
 14071, 118.1280,  27.7700,    1197.
 14072, 118.3780,  27.5530,    1236.
 14073, 118.6960,  27.3470,    1304.
 14074, 118.9940,  27.1680,    1382.
 14075, 119.2340,  27.0180,    1571.
 14076, 119.5480,  26.9020,    1630.
 14077, 119.9450,  26.8620,    1519.
 14078, 120.3200,  26.8720,    1550.
 14079, 120.6370,  26.8950,    1420.
 14080, 120.9640,  26.9030,    1302.
 14081, 121.3110,  26.8870,    1311.
 14082, 121.6690,  26.8520,    1293.
 14083, 122.0310,  26.7970,    1273.
 14084, 122.3820,  26.7310,    1298.
 14085, 122.7240,  26.6570,    1324.
 14086, 123.0710,  26.5760,    1365.
 14087, 123.4200,  26.4920,    1400.
 14088, 123.7660,  26.4030,    1354.
 14089, 124.1220,  26.3210,    1328.
 14090, 124.4940,  26.2570,    1342.
 14091, 124.8680,  26.1970,    1367.
 14092, 125.2290,  26.1510,    1426.
 14093, 125.5730,  26.1320,    1453.
 14094, 125.9070,  26.1370,    1484.
 14095, 126.2160,  26.1500,    1536.
 14096, 126.4960,  26.1680,    1512.
 14097, 126.7750,  26.1940,    1493.
 14098, 127.0480,  26.2280,    1552.
 14099, 127.2890,  26.2680,    1656.
 14100, 127.4920,  26.3220,    1748.
 15000, 113.9420,  30.9070,      10.
 15057, 114.1300,  30.7840,       9.
 15058, 114.3370,  30.6430,       9.
 15059, 114.5590,  30.4900,      11.
 15060, 114.7880,  30.3160,      32.
 15061, 115.0440,  30.0820,     118.
 15062, 115.3010,  29.8190,     228.
 15063, 115.5740,  29.5600,     387.
 15064, 115.8380,  29.3700,     545.
 15065, 116.0630,  29.2140,     721.
 15066, 116.2790,  29.0640,     798.
 15067, 116.4980,  28.9250,     748.
 15068, 116.7220,  28.7970,     700.
 15069, 116.9490,  28.6650,     712.
 15070, 117.1530,  28.5270,     761.
 15071, 117.3330,  28.3850,     853.
 15072, 117.4690,  28.2480,     917.
 15073, 117.5670,  28.1210,     968.
 15074, 117.6540,  28.0040,    1042.
 15075, 117.7430,  27.8770,    1148.
 15076, 117.8870,  27.6880,    1274.
 15077, 118.1200,  27.4560,    1272.
 15078, 118.4460,  27.2300,    1241.
 15079, 118.8250,  27.0310,    1332.
 15080, 119.1620,  26.8950,    1598.
 15081, 119.4980,  26.8060,    1904.
 15082, 119.8870,  26.7570,    1878.
 15083, 120.2570,  26.7330,    1938.
 15084, 120.6010,  26.7620,    1863.
 15085, 120.9310,  26.7930,    1880.
 15086, 121.2270,  26.8030,    1892.
 15087, 121.4870,  26.8200,    1932.
 15088, 121.7440,  26.8430,    1976.
 15089, 121.9980,  26.8760,    2012.
 15090, 122.1940,  26.9200,    2048.
 15091, 122.3320,  26.9600,    2030.
 15092, 122.4580,  26.9850,    1957.
 15093, 122.5940,  26.9800,    1853.
 15094, 122.7520,  26.9560,    1746.
 15095, 122.9130,  26.9230,    1651.
 15096, 123.0230,  26.8990,    1586.
 15097, 123.0640,  26.8670,    1526.
 15098, 123.0840,  26.8140,    1457.
 15099, 123.1440,  26.7260,    1402.
 15100, 123.2380,  26.6300,    1408.
 15101, 123.3380,  26.5550,    1459.
 15102, 123.4420,  26.4850,    1468.
 15103, 123.5640,  26.4140,    1493.
 15104, 123.6740,  26.3310,    1548.
 16000, 113.9420,  30.9070,      10.
 16061, 114.1470,  30.7390,      10.
 16062, 114.3620,  30.5630,      12.
 16063, 114.5970,  30.3740,      17.
 16064, 114.8670,  30.1650,      64.
 16065, 115.1490,  29.9330,     106.
 16066, 115.4110,  29.6850,     239.
 16067, 115.6430,  29.4600,     283.
 16068, 115.8320,  29.3030,     303.
 16069, 116.0060,  29.1920,     309.
 16070, 116.1830,  29.0880,     290.
 16071, 116.3680,  28.9810,     259.
 16072, 116.5900,  28.8750,     235.
 16073, 116.8490,  28.7680,     224.
 16074, 117.1490,  28.6570,     299.
 16075, 117.5010,  28.5570,     387.
 16076, 117.8520,  28.4990,     576.
 16077, 118.1120,  28.4280,     548.
 16078, 118.2620,  28.2880,     676.
 16079, 118.4630,  28.0650,     913.
 16080, 118.7440,  27.8760,    1006.
 16081, 119.0740,  27.6950,    1197.
 16082, 119.4170,  27.5160,    1322.
 16083, 119.7700,  27.3810,    1311.
 16084, 120.1390,  27.3020,    1264.
 16085, 120.5200,  27.2690,    1252.
 16086, 120.8650,  27.2490,    1179.
 16087, 121.2130,  27.2050,    1028.
 16088, 121.5900,  27.1210,     951.
 16089, 121.9920,  27.0260,     958.
 16090, 122.4250,  26.9400,     987.
 16091, 122.8760,  26.8620,     984.
 16092, 123.3260,  26.7990,    1035.
 16093, 123.7420,  26.7380,    1042.
 16094, 124.1550,  26.6810,     992.
 16095, 124.5420,  26.6240,     987.
 16096, 124.8980,  26.5780,     960.
 16097, 125.2440,  26.5450,     990.
 16098, 125.5690,  26.5250,    1049.
 16099, 125.8740,  26.5220,    1059.
 16100, 126.1650,  26.5330,    1095.
 16101, 126.4220,  26.5670,    1163.
 16102, 126.6480,  26.6160,    1180.
 16103, 126.8590,  26.6740,    1158.
 16104, 127.0680,  26.7200,    1084.
 16105, 127.2800,  26.7470,    1016.
 16106, 127.4840,  26.7690,    1062.
 16107, 127.6680,  26.7810,    1050.
 16108, 127.8650,  26.7730,     917.
 17000, 113.9420,  30.9070,      10.
 17065, 114.1490,  30.7170,      10.
 17066, 114.3650,  30.5420,      11.
 17067, 114.6070,  30.3750,      14.
 17068, 114.8740,  30.2080,      46.
 17069, 115.1400,  30.0330,      78.
 17070, 115.3590,  29.8890,     100.
 17071, 115.5320,  29.7720,     148.
 17072, 115.6560,  29.6940,     152.
 17073, 115.7860,  29.6500,     114.
 17074, 115.9110,  29.6010,     105.
 17075, 116.0250,  29.5390,     128.
 17076, 116.1750,  29.4720,     160.
 17077, 116.4300,  29.3920,     183.
 17078, 116.7260,  29.3450,     163.
 17079, 117.0560,  29.3160,     241.
 17080, 117.4400,  29.2720,     335.
 17081, 117.8650,  29.2150,     452.
 17082, 118.1860,  29.1440,     702.
 17083, 118.4760,  29.0880,     686.
 17084, 118.7610,  29.0580,     759.
 17085, 119.0220,  28.9800,     859.
 17086, 119.2440,  28.7790,    1057.
 17087, 119.4550,  28.4930,    1303.
 17088, 119.6940,  28.2380,    1424.
 17089, 119.9280,  28.0100,    1522.
 17090, 120.1820,  27.8330,    1575.
 17091, 120.5340,  27.7230,    1517.
 17092, 120.9280,  27.6710,    1266.
 17093, 121.3450,  27.6100,    1123.
 17094, 121.8000,  27.5510,    1039.
 17095, 122.2260,  27.4820,     974.
 17096, 122.6490,  27.3730,     934.
 17097, 123.0860,  27.2610,     844.
 17098, 123.5050,  27.1410,     847.
 17099, 123.9020,  27.0370,     796.
 17100, 124.2600,  26.9410,     777.
 17101, 124.5760,  26.8680,     751.
 17102, 124.8700,  26.8340,     701.
 17103, 125.1500,  26.8410,     739.
 17104, 125.3910,  26.8710,     824.
 17105, 125.6010,  26.9060,     867.
 17106, 125.7920,  26.9370,     899.
 17107, 125.9660,  26.9470,     937.
 17108, 126.1280,  26.9240,     951.
 17109, 126.2890,  26.8720,     907.
 17110, 126.4490,  26.8020,     871.
 17111, 126.5970,  26.7340,     864.
 17112, 126.7350,  26.6720,     859.
 18000, 113.9420,  30.9070,      10.
 18069, 114.1820,  30.7850,      10.
 18070, 114.4420,  30.6760,      10.
 18071, 114.6890,  30.5840,      10.
 18072, 114.9070,  30.5130,      11.
 18073, 115.0690,  30.4820,      12.
 18074, 115.1940,  30.4690,      12.
 18075, 115.3010,  30.4490,      19.
 18076, 115.4110,  30.4180,      49.
 18077, 115.5320,  30.3840,      94.
 18078, 115.6670,  30.3450,     148.
 18079, 115.8060,  30.3100,     210.
 18080, 115.9550,  30.3050,     223.
 18081, 116.1060,  30.3340,     189.
 18082, 116.2410,  30.3860,     168.
 18083, 116.3770,  30.4590,     150.
 18084, 116.5270,  30.5430,     111.
 18085, 116.6610,  30.5870,      82.
 18086, 116.8010,  30.5970,      57.
 18087, 116.9470,  30.6050,      42.
 18088, 117.0720,  30.6260,      42.
 18089, 117.1820,  30.6520,      44.
 18090, 117.2880,  30.6760,      45.
 18091, 117.3960,  30.7070,      45.
 18092, 117.5200,  30.7380,      47.
 18093, 117.6670,  30.7500,      60.
 18094, 117.8180,  30.7350,      80.
 18095, 117.9620,  30.7190,     101.
 18096, 118.0950,  30.6970,     123.
 18097, 118.2090,  30.6660,     132.
 18098, 118.3070,  30.6240,     144.
 18099, 118.3910,  30.5620,     188.
 18100, 118.4550,  30.4790,     258.
 18101, 118.5140,  30.3840,     324.
 18102, 118.5870,  30.2740,     367.
 18103, 118.6870,  30.1690,     394.
 18104, 118.8550,  30.0800,     486.
 18105, 119.1100,  29.9720,     489.
 18106, 119.3890,  29.8320,     433.
 18107, 119.6100,  29.7170,     371.
 18108, 119.8510,  29.6260,     392.
 18109, 120.1210,  29.5450,     342.
 18110, 120.4030,  29.4660,     423.
 18111, 120.7640,  29.3810,     425.
 18112, 121.0600,  29.3110,     413.
 18113, 121.2830,  29.2010,     442.
 18114, 121.4610,  29.0780,     365.
 18115, 121.6320,  28.9740,     239.
 18116, 121.7660,  28.8880,     131.
 19000, 113.9420,  30.9070,      10.
 19073, 114.1330,  30.8790,      10.
 19074, 114.3050,  30.8650,      11.
 19075, 114.4520,  30.8440,      11.
 19076, 114.5790,  30.8020,      12.
 19077, 114.7000,  30.7490,      12.
 19078, 114.8170,  30.7050,      14.
 19079, 114.9370,  30.6790,      31.
 19080, 115.0670,  30.6620,      66.
 19081, 115.2020,  30.6520,      94.
 19082, 115.3460,  30.6540,     117.
 19083, 115.5130,  30.6450,     192.
 19084, 115.6870,  30.6070,     294.
 19085, 115.8580,  30.5630,     413.
 19086, 116.0300,  30.5210,     479.
 19087, 116.2040,  30.4960,     484.
 19088, 116.3730,  30.4900,     427.
 19089, 116.5280,  30.5080,     366.
 19090, 116.6680,  30.5460,     336.
 19091, 116.7930,  30.5940,     346.
 19092, 116.9110,  30.6440,     363.
 19093, 117.0230,  30.6830,     364.
 19094, 117.1370,  30.7120,     358.
 19095, 117.2560,  30.7360,     348.
 19096, 117.3790,  30.7470,     327.
 19097, 117.5040,  30.7460,     293.
 19098, 117.6340,  30.7290,     259.
 19099, 117.7550,  30.6720,     245.
 19100, 117.8490,  30.5830,     269.
 19101, 117.9190,  30.4920,     324.
 19102, 117.9890,  30.4010,     346.
 19103, 118.0620,  30.3110,     337.
 19104, 118.1490,  30.2140,     383.
 19105, 118.3310,  30.0980,     540.
 19106, 118.6380,  29.9860,     638.
 19107, 118.9980,  29.8880,     730.
 19108, 119.3550,  29.7920,     659.
 19109, 119.6900,  29.7110,     603.
 19110, 120.1020,  29.5810,     641.
 19111, 120.5820,  29.4370,     814.
 19112, 120.9970,  29.2670,     745.
 19113, 121.3050,  29.0800,     735.
 19114, 121.5580,  28.8750,     684.
 19115, 121.7650,  28.6490,     576.
 19116, 121.9350,  28.4060,     607.
 19117, 122.1050,  28.2070,     762.
 19118, 122.2800,  28.0230,     763.
 19119, 122.4060,  27.8610,     692.
 19120, 122.4870,  27.7420,     580.
 20000, 113.9420,  30.9070,      10.
 20077, 114.0770,  30.9050,      13.
 20078, 114.2140,  30.8950,      18.
 20079, 114.3430,  30.8740,      23.
 20080, 114.4630,  30.8470,      25.
 20081, 114.5830,  30.8210,      25.
 20082, 114.7050,  30.8060,      25.
 20083, 114.8200,  30.7890,      29.
 20084, 114.9290,  30.7510,      43.
 20085, 115.0410,  30.6840,      50.
 20086, 115.1610,  30.6020,      45.
 20087, 115.2800,  30.5250,      43.
 20088, 115.4060,  30.4410,      55.
 20089, 115.5510,  30.3470,      93.
 20090, 115.7080,  30.2740,     150.
 20091, 115.8590,  30.2340,     200.
 20092, 116.0110,  30.2270,     162.
 20093, 116.1520,  30.2570,     113.
 20094, 116.2800,  30.3190,      80.
 20095, 116.3850,  30.3860,      64.
 20096, 116.4910,  30.4590,      45.
 20097, 116.5910,  30.5290,      14.
 20098, 116.6650,  30.5890,       1.
 20099, 116.7320,  30.6550,       0.
 20100, 116.7990,  30.7290,       0.
 20101, 116.8580,  30.8040,       3.
 20102, 116.9050,  30.8760,      22.
 20103, 116.9550,  30.9510,      53.
 20104, 117.0330,  31.0230,      65.
 20105, 117.1860,  31.0570,      48.
 20106, 117.4140,  31.0480,      45.
 20107, 117.6940,  31.0140,      55.
 20108, 118.0610,  30.9600,     126.
 20109, 118.4060,  30.8940,     190.
 20110, 118.7190,  30.7830,     364.
 20111, 118.9840,  30.6150,     505.
 20112, 119.2400,  30.4190,     631.
 20113, 119.5200,  30.2570,     640.
 20114, 119.7770,  30.0900,     640.
 20115, 120.0270,  29.8570,     788.
 20116, 120.3270,  29.6090,    1096.
 20117, 120.6320,  29.3680,    1384.
 20118, 120.8520,  29.0920,    1689.
 20119, 121.0440,  28.8240,    2014.
 20120, 121.2180,  28.5840,    2096.
 20121, 121.4290,  28.3680,    2070.
 20122, 121.6370,  28.1660,    1996.
 20123, 121.8280,  27.9740,    2004.
 20124, 122.0000,  27.8030,    1960.
END
