  1000, 113.9460,  30.9000,      10.
  1001, 113.9130,  31.0060,      11.
  1002, 113.8830,  31.1180,      13.
  1003, 113.8630,  31.2440,      24.
  1004, 113.8460,  31.3960,      46.
  1005, 113.8350,  31.5620,      80.
  1006, 113.8640,  31.7290,     160.
  1007, 113.9580,  31.9410,     276.
  1008, 114.0370,  32.1600,     278.
  1009, 114.0860,  32.3490,     269.
  1010, 114.1660,  32.5420,     251.
  1011, 114.2630,  32.7490,     252.
  1012, 114.3640,  32.9830,     250.
  1013, 114.4830,  33.2410,     266.
  1014, 114.6230,  33.5340,     317.
  1015, 114.7630,  33.8800,     361.
  1016, 114.9140,  34.2920,     406.
  1017, 115.0530,  34.7210,     484.
  1018, 115.2170,  35.1260,     537.
  1019, 115.3920,  35.5150,     539.
  1020, 115.5600,  35.9060,     517.
  1021, 115.6850,  36.3050,     464.
  1022, 115.7930,  36.7320,     461.
  1023, 115.9210,  37.1180,     499.
  1024, 116.0550,  37.4790,     385.
  1025, 116.1320,  37.8650,     302.
  1026, 116.2570,  38.2640,     313.
  1027, 116.5200,  38.6710,     295.
  1028, 116.8680,  39.0470,     298.
  1029, 117.2750,  39.3950,     310.
  1030, 117.6670,  39.7490,     379.
  1031, 117.9620,  40.0600,     616.
  1032, 118.1820,  40.2850,     977.
  1033, 118.3120,  40.4910,    1255.
  1034, 118.3140,  40.7340,    1750.
  1035, 118.2650,  40.9590,    1957.
  1036, 118.1630,  41.1320,    2168.
  1037, 117.9480,  41.2680,    2867.
  1038, 117.6290,  41.3470,    3254.
  1039, 117.2790,  41.3200,    3439.
  1040, 116.9000,  41.2210,    3556.
  1041, 116.5150,  41.0590,    3288.
  1042, 116.1570,  40.8680,    3033.
  1043, 115.7990,  40.6390,    2954.
  1044, 115.4520,  40.4040,    2946.
  1045, 115.1020,  40.1890,    3029.
  1046, 114.7430,  39.9700,    3131.
  1047, 114.4190,  39.7630,    3091.
  1048, 114.1270,  39.5600,    3024.
  2000, 113.9460,  30.9000,      10.
  2005, 113.9170,  31.0220,      16.
  2006, 113.9100,  31.1480,      30.
  2007, 113.9250,  31.2810,      55.
  2008, 113.9720,  31.4080,      92.
  2009, 114.0500,  31.5220,     139.
  2010, 114.1330,  31.6520,     198.
  2011, 114.1970,  31.8190,     277.
  2012, 114.2160,  32.0150,     313.
  2013, 114.2160,  32.2280,     294.
  2014, 114.2290,  32.4880,     298.
  2015, 114.2320,  32.8010,     308.
  2016, 114.2280,  33.1470,     335.
  2017, 114.2880,  33.5690,     416.
  2018, 114.3980,  34.0490,     478.
  2019, 114.5850,  34.5420,     524.
  2020, 114.7700,  35.0390,     543.
  2021, 114.9230,  35.5270,     529.
  2022, 115.0610,  36.0300,     524.
  2023, 115.2220,  36.5010,     568.
  2024, 115.4020,  36.9470,     541.
  2025, 115.5650,  37.4030,     509.
  2026, 115.8020,  37.8540,     550.
  2027, 116.1610,  38.2730,     540.
  2028, 116.6170,  38.6940,     486.
  2029, 117.0930,  39.0450,     551.
  2030, 117.5490,  39.3250,     516.
  2031, 117.9500,  39.5330,     352.
  2032, 118.2870,  39.7250,     294.
  2033, 118.5320,  39.9170,     317.
  2034, 118.6530,  40.0680,     390.
  2035, 118.6910,  40.1340,     537.
  2036, 118.6970,  40.1040,     681.
  2037, 118.7220,  40.0040,     824.
  2038, 118.7380,  39.8620,     940.
  2039, 118.7380,  39.7190,     957.
  2040, 118.7560,  39.5840,     982.
  2041, 118.7630,  39.4420,    1018.
  2042, 118.7150,  39.2830,    1063.
  2043, 118.6370,  39.1240,    1090.
  2044, 118.5310,  38.9810,    1078.
  2045, 118.3820,  38.8390,    1048.
  2046, 118.2350,  38.6900,     935.
  2047, 118.0940,  38.5300,     863.
  2048, 117.9590,  38.3170,     916.
  2049, 117.8320,  38.0540,     962.
  2050, 117.7060,  37.7840,     958.
  2051, 117.5510,  37.5250,     954.
  2052, 117.3850,  37.2760,     916.
  3000, 113.9460,  30.9000,      10.
  3009, 113.9810,  30.9980,      14.
  3010, 114.0320,  31.0960,      28.
  3011, 114.1020,  31.2070,      58.
  3012, 114.1710,  31.3310,     101.
  3013, 114.2360,  31.4740,     150.
  3014, 114.2840,  31.6380,     202.
  3015, 114.2820,  31.8090,     270.
  3016, 114.2190,  32.0190,     269.
  3017, 114.1290,  32.2610,     229.
  3018, 114.0300,  32.5340,     249.
  3019, 113.9380,  32.8840,     314.
  3020, 113.8870,  33.2710,     296.
  3021, 113.9120,  33.6920,     279.
  3022, 114.0180,  34.1640,     305.
  3023, 114.1800,  34.6570,     319.
  3024, 114.3580,  35.1910,     342.
  3025, 114.4570,  35.7640,     436.
  3026, 114.5300,  36.3040,     462.
  3027, 114.6320,  36.8790,     457.
  3028, 114.7550,  37.4280,     444.
  3029, 114.9730,  37.9210,     536.
  3030, 115.3260,  38.4170,     526.
  3031, 115.7000,  38.9460,     722.
  3032, 115.9570,  39.4340,     774.
  3033, 116.1360,  39.8520,     912.
  3034, 116.1890,  40.2050,    1354.
  3035, 116.2120,  40.4590,    1804.
  3036, 116.2180,  40.6300,    2099.
  3037, 116.1810,  40.7270,    2056.
  3038, 116.0760,  40.7730,    1869.
  3039, 115.9250,  40.8120,    1788.
  3040, 115.7370,  40.8420,    1796.
  3041, 115.5040,  40.8440,    1780.
  3042, 115.2560,  40.8140,    1680.
  3043, 115.0280,  40.8070,    1592.
  3044, 114.8150,  40.8400,    1520.
  3045, 114.5910,  40.8850,    1508.
  3046, 114.3500,  40.9250,    1539.
  3047, 114.0670,  40.9830,    1538.
  3048, 113.7150,  41.0800,    1498.
  3049, 113.3150,  41.1950,    1476.
  3050, 112.8780,  41.2620,    1430.
  3051, 112.3690,  41.2560,    1558.
  3052, 111.8600,  41.2300,    1642.
  3053, 111.3960,  41.2450,    1569.
  3054, 110.9660,  41.3300,    1551.
  3055, 110.4410,  41.5240,    1525.
  3056, 109.8200,  41.8080,    1532.
  4000, 113.9460,  30.9000,      10.
  4013, 113.9510,  31.0440,      13.
  4014, 113.9790,  31.2030,      35.
  4015, 114.0570,  31.3620,      89.
  4016, 114.1380,  31.5020,     141.
  4017, 114.1940,  31.6330,     175.
  4018, 114.2170,  31.7530,     201.
  4019, 114.1990,  31.8860,     188.
  4020, 114.1390,  32.0380,     150.
  4021, 114.0430,  32.1610,     136.
  4022, 113.9040,  32.2520,     100.
  4023, 113.7650,  32.3770,     105.
  4024, 113.6750,  32.5340,     173.
  4025, 113.5970,  32.7380,     236.
  4026, 113.4640,  32.9940,     267.
  4027, 113.3070,  33.3000,     235.
  4028, 113.1420,  33.6660,     232.
  4029, 112.8370,  34.0060,     342.
  4030, 112.4150,  34.2940,     503.
  4031, 111.9630,  34.4830,     635.
  4032, 111.5960,  34.7190,     824.
  4033, 111.3980,  34.9840,    1076.
  4034, 111.2970,  35.2450,    1287.
  4035, 111.2510,  35.4540,    1440.
  4036, 111.2070,  35.6730,    1536.
  4037, 111.0940,  35.8810,    1568.
  4038, 110.8840,  35.9630,    1364.
  4039, 110.7730,  36.2380,     916.
  4040, 110.7310,  36.7380,     778.
  4041, 110.7440,  37.1400,     942.
  4042, 110.7980,  37.3970,     856.
  4043, 110.8630,  37.6080,     818.
  4044, 110.9210,  37.7650,     870.
  4045, 110.9790,  37.8640,     970.
  4046, 111.0400,  37.9020,    1005.
  4047, 111.0860,  37.9070,     987.
  4048, 111.1000,  37.9070,     947.
  4049, 111.0870,  37.9080,     884.
  4050, 111.0590,  37.8970,     806.
  4051, 111.0340,  37.8530,     727.
  4052, 111.0080,  37.7730,     648.
  4053, 110.9820,  37.6710,     600.
  4054, 110.9640,  37.5550,     554.
  4055, 110.9590,  37.4230,     491.
  4056, 110.9290,  37.2650,     464.
  4057, 110.8600,  37.0720,     496.
  4058, 110.7450,  36.8710,     660.
  4059, 110.6200,  36.6630,     810.
  4060, 110.5690,  36.3790,     882.
  5000, 113.9460,  30.9000,      10.
  5017, 114.0030,  30.9760,      13.
  5018, 114.0960,  31.0190,      20.
  5019, 114.2090,  31.0050,      23.
  5020, 114.3270,  30.9580,      19.
  5021, 114.4340,  30.8950,      10.
  5022, 114.5500,  30.8170,       0.
  5023, 114.6980,  30.7190,       0.
  5024, 114.8550,  30.6130,       1.
  5025, 115.0030,  30.5040,       3.
  5026, 115.1330,  30.4010,       9.
  5027, 115.2550,  30.3100,      21.
  5028, 115.3940,  30.2170,      42.
  5029, 115.5490,  30.1210,      63.
  5030, 115.7010,  30.0470,      89.
  5031, 115.8150,  30.0170,     112.
  5032, 115.9110,  29.9380,     102.
  5033, 115.9770,  29.7960,     132.
  5034, 116.0030,  29.5880,     239.
  5035, 116.0490,  29.3230,     264.
  5036, 116.1300,  29.0410,     252.
  5037, 116.2260,  28.7600,     335.
  5038, 116.3450,  28.4810,     442.
  5039, 116.4720,  28.2410,     571.
  5040, 116.5950,  28.0250,     686.
  5041, 116.7210,  27.8340,     724.
  5042, 116.8720,  27.6680,     785.
  5043, 117.0570,  27.5220,     900.
  5044, 117.2400,  27.3700,    1042.
  5045, 117.3760,  27.1980,    1179.
  5046, 117.5030,  27.0220,    1239.
  5047, 117.6470,  26.8530,    1274.
  5048, 117.8490,  26.6640,    1291.
  5049, 118.0730,  26.4740,    1334.
  5050, 118.3510,  26.2920,    1388.
  5051, 118.6290,  26.1230,    1493.
  5052, 118.9430,  25.9920,    1531.
  5053, 119.3310,  25.9500,    1546.
  5054, 119.7400,  25.9780,    1639.
  5055, 120.1390,  26.0010,    1646.
  5056, 120.5490,  26.0080,    1623.
  5057, 120.9630,  25.9880,    1696.
  5058, 121.3660,  25.9440,    1757.
  5059, 121.7380,  25.8860,    1763.
  5060, 122.0670,  25.8330,    1816.
  5061, 122.3660,  25.7990,    1882.
  5062, 122.6390,  25.7920,    1926.
  5063, 122.9060,  25.8100,    2017.
  5064, 123.1690,  25.8520,    2137.
  6000, 113.9460,  30.9000,      10.
  6021, 114.0480,  30.8530,      10.
  6022, 114.1540,  30.8020,      10.
  6023, 114.2620,  30.7340,       8.
  6024, 114.3720,  30.6430,       7.
  6025, 114.4770,  30.5470,       8.
  6026, 114.5710,  30.4610,       9.
  6027, 114.6530,  30.3810,      12.
  6028, 114.6970,  30.3060,      17.
  6029, 114.7240,  30.2460,      20.
  6030, 114.7880,  30.1940,      32.
  6031, 114.9120,  30.0940,      63.
  6032, 115.0530,  29.9400,      94.
  6033, 115.2190,  29.7550,     155.
  6034, 115.4210,  29.4790,     226.
  6035, 115.5660,  29.2270,     222.
  6036, 115.6650,  28.9990,     188.
  6037, 115.7600,  28.8120,     152.
  6038, 115.8460,  28.6470,     138.
  6039, 115.9620,  28.4690,     151.
  6040, 116.0920,  28.2880,     199.
  6041, 116.2320,  28.0870,     243.
  6042, 116.3550,  27.8980,     261.
  6043, 116.4830,  27.6860,     429.
  6044, 116.6220,  27.5070,     630.
  6045, 116.7710,  27.3600,     711.
  6046, 116.9140,  27.2440,     757.
  6047, 117.0700,  27.1150,     851.
  6048, 117.2580,  26.9740,     866.
  6049, 117.4810,  26.8350,     860.
  6050, 117.7220,  26.6850,     859.
  6051, 117.9670,  26.5290,     876.
  6052, 118.2770,  26.3820,     952.
  6053, 118.6310,  26.2750,    1064.
  6054, 119.0610,  26.2410,    1026.
  6055, 119.4990,  26.2560,    1053.
  6056, 119.8970,  26.2980,     937.
  6057, 120.3160,  26.3200,     899.
  6058, 120.7650,  26.2990,     904.
  6059, 121.2270,  26.2480,     892.
  6060, 121.6860,  26.1940,     882.
  6061, 122.1160,  26.1510,     913.
  6062, 122.5190,  26.1230,     912.
  6063, 122.9140,  26.1080,     940.
  6064, 123.2800,  26.1080,     948.
  6065, 123.6590,  26.1250,     906.
  6066, 124.0540,  26.1540,     914.
  6067, 124.4460,  26.1950,     955.
  6068, 124.8380,  26.2380,    1015.
  7000, 113.9460,  30.9000,      10.
  7025, 114.0440,  30.8060,       9.
  7026, 114.1250,  30.7030,       8.
  7027, 114.1920,  30.6170,       8.
  7028, 114.2440,  30.5590,       8.
  7029, 114.3060,  30.5180,       9.
  7030, 114.4030,  30.4750,      10.
  7031, 114.5390,  30.4360,      10.
  7032, 114.7060,  30.3750,      13.
  7033, 114.8950,  30.2690,      35.
  7034, 115.1210,  30.0960,      66.
  7035, 115.3250,  29.9210,      83.
  7036, 115.5360,  29.6860,     167.
  7037, 115.7590,  29.4240,     172.
  7038, 115.9170,  29.1830,     153.
  7039, 116.0270,  28.9490,     175.
  7040, 116.1310,  28.7130,     217.
  7041, 116.2500,  28.4790,     309.
  7042, 116.3950,  28.2380,     405.
  7043, 116.5430,  28.0110,     498.
  7044, 116.6880,  27.8130,     579.
  7045, 116.8550,  27.6420,     691.
  7046, 117.0460,  27.4610,     864.
  7047, 117.2240,  27.2590,    1018.
  7048, 117.3930,  27.0580,    1102.
  7049, 117.5890,  26.8630,    1136.
  7050, 117.8430,  26.6520,    1127.
  7051, 118.1490,  26.4450,    1201.
  7052, 118.5000,  26.2650,    1344.
  7053, 118.8560,  26.1160,    1443.
  7054, 119.2600,  26.0560,    1466.
  7055, 119.6850,  26.0720,    1517.
  7056, 120.0910,  26.0950,    1486.
  7057, 120.5160,  26.0940,    1470.
  7058, 120.9460,  26.0630,    1532.
  7059, 121.3600,  26.0090,    1563.
  7060, 121.7470,  25.9360,    1548.
  7061, 122.0920,  25.8660,    1583.
  7062, 122.4040,  25.8170,    1599.
  7063, 122.6990,  25.7890,    1582.
  7064, 123.0000,  25.7690,    1663.
  7065, 123.3030,  25.7630,    1725.
  7066, 123.6120,  25.7690,    1729.
  7067, 123.9320,  25.7780,    1757.
  7068, 124.2580,  25.7920,    1803.
  7069, 124.5810,  25.8170,    1828.
  7070, 124.9080,  25.8440,    1893.
  7071, 125.2320,  25.8690,    1947.
  7072, 125.5450,  25.8930,    1985.
  8000, 113.9460,  30.9000,      10.
  8029, 114.0700,  30.8170,      16.
  8030, 114.2160,  30.7590,      19.
  8031, 114.4020,  30.6960,      19.
  8032, 114.6110,  30.5950,      20.
  8033, 114.8440,  30.4500,      26.
  8034, 115.0980,  30.2640,      44.
  8035, 115.3420,  30.0740,      66.
  8036, 115.5400,  29.8930,      88.
  8037, 115.7000,  29.7120,     145.
  8038, 115.8520,  29.5160,     203.
  8039, 115.9670,  29.3070,     278.
  8040, 116.0580,  29.1050,     264.
  8041, 116.1580,  28.8910,     285.
  8042, 116.2610,  28.6870,     305.
  8043, 116.3920,  28.4730,     317.
  8044, 116.5190,  28.2940,     378.
  8045, 116.6340,  28.1260,     472.
  8046, 116.7380,  27.9820,     449.
  8047, 116.8480,  27.8580,     441.
  8048, 117.0130,  27.7150,     618.
  8049, 117.2410,  27.5230,     800.
  8050, 117.5020,  27.2950,     967.
  8051, 117.7480,  27.0810,    1024.
  8052, 118.0200,  26.8810,    1019.
  8053, 118.3310,  26.6870,    1067.
  8054, 118.6610,  26.5270,    1163.
  8055, 119.0270,  26.3980,    1203.
  8056, 119.4450,  26.3420,    1275.
  8057, 119.8300,  26.3530,    1206.
  8058, 120.2180,  26.3670,    1132.
  8059, 120.6390,  26.3500,    1129.
  8060, 121.0760,  26.3020,    1122.
  8061, 121.5120,  26.2410,    1119.
  8062, 121.9160,  26.1700,    1164.
  8063, 122.2890,  26.1040,    1160.
  8064, 122.6560,  26.0550,    1133.
  8065, 123.0140,  26.0220,    1160.
  8066, 123.3760,  26.0080,    1137.
  8067, 123.7530,  26.0120,    1140.
  8068, 124.1360,  26.0240,    1145.
  8069, 124.5210,  26.0500,    1134.
  8070, 124.9120,  26.0800,    1172.
  8071, 125.3090,  26.1050,    1228.
  8072, 125.7000,  26.1230,    1277.
  8073, 126.0940,  26.1210,    1340.
  8074, 126.4950,  26.1040,    1387.
  8075, 126.8990,  26.0940,    1407.
  8076, 127.3010,  26.0900,    1453.
  9000, 113.9460,  30.9000,      10.
  9033, 114.1480,  30.8300,      11.
  9034, 114.3410,  30.7240,       9.
  9035, 114.5320,  30.5930,      10.
  9036, 114.7420,  30.4460,      13.
  9037, 114.9750,  30.2700,      39.
  9038, 115.2270,  30.0520,      59.
  9039, 115.4530,  29.7990,     115.
  9040, 115.6810,  29.5060,     198.
  9041, 115.8630,  29.2540,     212.
  9042, 115.9830,  29.0510,     185.
  9043, 116.0910,  28.8470,     176.
  9044, 116.2110,  28.6460,     157.
  9045, 116.3670,  28.4510,     195.
  9046, 116.5110,  28.2840,     293.
  9047, 116.6340,  28.1290,     366.
  9048, 116.7400,  28.0180,     332.
  9049, 116.8350,  27.9370,     311.
  9050, 116.9600,  27.8310,     409.
  9051, 117.1750,  27.6700,     644.
  9052, 117.4870,  27.4460,     846.
  9053, 117.7660,  27.2360,     966.
  9054, 118.0430,  27.0180,     983.
  9055, 118.3280,  26.8250,     984.
  9056, 118.6980,  26.6320,    1126.
  9057, 119.0750,  26.4890,    1240.
  9058, 119.4830,  26.4360,    1322.
  9059, 119.8520,  26.4480,    1253.
  9060, 120.2350,  26.4700,    1126.
  9061, 120.6530,  26.4710,    1099.
  9062, 121.0830,  26.4390,    1070.
  9063, 121.4980,  26.3760,    1073.
  9064, 121.9010,  26.2970,    1105.
  9065, 122.2960,  26.2270,    1121.
  9066, 122.6830,  26.1740,    1123.
  9067, 123.0730,  26.1430,    1107.
  9068, 123.4650,  26.1310,    1148.
  9069, 123.8620,  26.1280,    1178.
  9070, 124.2670,  26.1370,    1151.
  9071, 124.6690,  26.1610,    1163.
  9072, 125.0830,  26.1890,    1213.
  9073, 125.4820,  26.2100,    1270.
  9074, 125.8720,  26.2100,    1351.
  9075, 126.2750,  26.2000,    1408.
  9076, 126.6810,  26.1900,    1456.
  9077, 127.0850,  26.1900,    1500.
  9078, 127.4930,  26.1980,    1489.
  9079, 127.9220,  26.2150,    1511.
  9080, 128.3470,  26.2440,    1524.
 10000, 113.9460,  30.9000,      10.
 10037, 114.0860,  30.7880,       9.
 10038, 114.2470,  30.6560,       6.
 10039, 114.4210,  30.5050,       6.
 10040, 114.5840,  30.3400,       8.
 10041, 114.7560,  30.1650,      42.
 10042, 114.9600,  29.9600,     118.
 10043, 115.1660,  29.7270,     171.
 10044, 115.3810,  29.4760,     208.
 10045, 115.5760,  29.2560,     188.
 10046, 115.7190,  29.0450,     157.
 10047, 115.8440,  28.8310,     135.
 10048, 116.0120,  28.6320,     130.
 10049, 116.2330,  28.4380,     149.
 10050, 116.4310,  28.2680,     182.
 10051, 116.5980,  28.1030,     201.
 10052, 116.7610,  27.9480,     253.
 10053, 116.9660,  27.7950,     487.
 10054, 117.2900,  27.5640,     807.
 10055, 117.6240,  27.3360,     886.
 10056, 117.9100,  27.1060,     902.
 10057, 118.1930,  26.8940,     947.
 10058, 118.5210,  26.6930,    1125.
 10059, 118.8730,  26.5380,    1267.
 10060, 119.2710,  26.4470,    1377.
 10061, 119.6800,  26.4490,    1362.
 10062, 120.0580,  26.4820,    1187.
 10063, 120.4560,  26.5010,    1120.
 10064, 120.8600,  26.4800,    1116.
 10065, 121.2670,  26.4190,    1114.
 10066, 121.6850,  26.3330,    1136.
 10067, 122.1190,  26.2490,    1120.
 10068, 122.5420,  26.1910,    1158.
 10069, 122.9490,  26.1560,    1140.
 10070, 123.3600,  26.1450,    1207.
 10071, 123.7710,  26.1360,    1259.
 10072, 124.1800,  26.1340,    1228.
 10073, 124.6000,  26.1510,    1205.
 10074, 125.0290,  26.1750,    1236.
 10075, 125.4430,  26.1850,    1290.
 10076, 125.8550,  26.1800,    1343.
 10077, 126.2760,  26.1780,    1397.
 10078, 126.6940,  26.1840,    1443.
 10079, 127.1110,  26.2010,    1433.
 10080, 127.5400,  26.2220,    1407.
 10081, 127.9660,  26.2430,    1483.
 10082, 128.3710,  26.2780,    1509.
 10083, 128.7730,  26.3270,    1526.
 10084, 129.1720,  26.3800,    1539.
 11000, 113.9460,  30.9000,      10.
 11041, 114.1010,  30.7310,       6.
 11042, 114.2560,  30.5820,       8.
 11043, 114.4120,  30.4490,      12.
 11044, 114.5650,  30.3270,      16.
 11045, 114.7260,  30.2310,      34.
 11046, 114.8970,  30.1340,      65.
 11047, 115.0580,  30.0030,      80.
 11048, 115.2180,  29.8580,     100.
 11049, 115.4260,  29.6360,     184.
 11050, 115.6410,  29.4050,     153.
 11051, 115.7930,  29.1790,     102.
 11052, 115.8600,  28.9930,      76.
 11053, 115.9130,  28.7900,      73.
 11054, 116.0050,  28.5590,      73.
 11055, 116.1270,  28.3100,     107.
 11056, 116.3020,  28.0410,     156.
 11057, 116.5340,  27.7840,     248.
 11058, 116.8480,  27.5080,     423.
 11059, 117.1900,  27.2560,     794.
 11060, 117.5250,  27.0770,    1058.
 11061, 117.8160,  26.9380,    1263.
 11062, 118.0800,  26.8390,    1416.
 11063, 118.3340,  26.7300,    1511.
 11064, 118.6010,  26.6290,    1580.
 11065, 118.8860,  26.5290,    1618.
 11066, 119.1780,  26.4360,    1694.
 11067, 119.5410,  26.4200,    1718.
 11068, 119.9290,  26.4710,    1713.
 11069, 120.3150,  26.5340,    1598.
 11070, 120.7040,  26.5850,    1575.
 11071, 121.0870,  26.6090,    1608.
 11072, 121.4610,  26.6260,    1579.
 11073, 121.8350,  26.6450,    1497.
 11074, 122.1950,  26.6560,    1591.
 11075, 122.5360,  26.6510,    1602.
 11076, 122.8760,  26.6300,    1612.
 11077, 123.2170,  26.6100,    1624.
 11078, 123.5680,  26.5990,    1600.
 11079, 123.9200,  26.5950,    1618.
 11080, 124.2630,  26.5940,    1609.
 11081, 124.5960,  26.5900,    1650.
 11082, 124.9150,  26.5890,    1758.
 11083, 125.2230,  26.5940,    1853.
 11084, 125.5170,  26.5950,    1924.
 11085, 125.7970,  26.5880,    1913.
 11086, 126.0730,  26.5810,    1880.
 11087, 126.3520,  26.5900,    1886.
 11088, 126.6320,  26.6180,    1881.
 12000, 113.9460,  30.9000,      10.
 12045, 114.1270,  30.8340,      11.
 12046, 114.3030,  30.7690,      10.
 12047, 114.4990,  30.6780,      10.
 12048, 114.7130,  30.5670,      13.
 12049, 114.9580,  30.4410,      15.
 12050, 115.1940,  30.2960,      27.
 12051, 115.4020,  30.1490,      45.
 12052, 115.5650,  30.0000,      51.
 12053, 115.6930,  29.8810,      61.
 12054, 115.7920,  29.7450,      97.
 12055, 115.8610,  29.5700,     133.
 12056, 115.9010,  29.3900,     128.
 12057, 115.9440,  29.1850,      98.
 12058, 116.0320,  28.9480,     115.
 12059, 116.1130,  28.7070,     140.
 12060, 116.2570,  28.4680,     190.
 12061, 116.4310,  28.2020,     237.
 12062, 116.6340,  27.9160,     364.
 12063, 116.9100,  27.6550,     640.
 12064, 117.2320,  27.4420,     920.
 12065, 117.5280,  27.2780,    1184.
 12066, 117.7690,  27.1400,    1286.
 12067, 118.0030,  27.0020,    1292.
 12068, 118.2520,  26.8750,    1294.
 12069, 118.5780,  26.7450,    1348.
 12070, 118.9110,  26.6140,    1444.
 12071, 119.2310,  26.5180,    1540.
 12072, 119.6160,  26.4960,    1646.
 12073, 119.9930,  26.5550,    1599.
 12074, 120.3490,  26.6400,    1527.
 12075, 120.6840,  26.7070,    1532.
 12076, 121.0050,  26.7430,    1509.
 12077, 121.3280,  26.7560,    1448.
 12078, 121.6600,  26.7470,    1514.
 12079, 121.9890,  26.7290,    1607.
 12080, 122.3280,  26.7230,    1678.
 12081, 122.6660,  26.7230,    1705.
 12082, 122.9960,  26.7110,    1656.
 12083, 123.3200,  26.6860,    1633.
 12084, 123.6330,  26.6540,    1657.
 12085, 123.9390,  26.6250,    1652.
 12086, 124.2390,  26.5980,    1608.
 12087, 124.5350,  26.5590,    1603.
 12088, 124.8170,  26.5100,    1675.
 12089, 125.0920,  26.4670,    1709.
 12090, 125.3850,  26.4400,    1687.
 12091, 125.6920,  26.4240,    1686.
 12092, 125.9910,  26.4150,    1744.
 13000, 113.9460,  30.9000,      10.
 13049, 114.0850,  30.8730,      11.
 13050, 114.2280,  30.8250,      11.
 13051, 114.3870,  30.7530,      11.
 13052, 114.5650,  30.6580,      12.
 13053, 114.7690,  30.5520,      14.
 13054, 114.9730,  30.4450,      20.
 13055, 115.1400,  30.3430,      31.
 13056, 115.3010,  30.2240,      48.
 13057, 115.4580,  30.1020,      66.
 13058, 115.5950,  29.9910,      65.
 13059, 115.7320,  29.8920,      48.
 13060, 115.8460,  29.7710,      65.
 13061, 115.9570,  29.6030,     173.
 13062, 116.0720,  29.4510,     283.
 13063, 116.2210,  29.2940,     334.
 13064, 116.3730,  29.1550,     366.
 13065, 116.5470,  29.0150,     308.
 13066, 116.7450,  28.8830,     264.
 13067, 116.9820,  28.7470,     291.
 13068, 117.2610,  28.6170,     330.
 13069, 117.5910,  28.5400,     450.
 13070, 117.9120,  28.4890,     655.
 13071, 118.1610,  28.4130,     621.
 13072, 118.3050,  28.2780,     693.
 13073, 118.4360,  28.1120,     855.
 13074, 118.6290,  27.9490,     939.
 13075, 118.8650,  27.8220,    1084.
 13076, 119.1680,  27.6510,    1258.
 13077, 119.5270,  27.4500,    1353.
 13078, 119.9280,  27.3100,    1375.
 13079, 120.3080,  27.2550,    1374.
 13080, 120.6310,  27.2580,    1254.
 13081, 120.9350,  27.2590,    1166.
 13082, 121.2590,  27.2380,    1074.
 13083, 121.6100,  27.2000,     974.
 13084, 121.9630,  27.1460,     966.
 13085, 122.3110,  27.0810,     996.
 13086, 122.6540,  26.9970,    1070.
 13087, 122.9980,  26.8970,    1119.
 13088, 123.3440,  26.7980,    1115.
 13089, 123.6990,  26.7090,    1083.
 13090, 124.0750,  26.6370,    1058.
 13091, 124.4590,  26.5800,    1074.
 13092, 124.8380,  26.5340,    1082.
 13093, 125.2070,  26.4980,    1034.
 13094, 125.5780,  26.4740,     924.
 13095, 125.9440,  26.4590,     868.
 13096, 126.2970,  26.4530,     871.
 14000, 113.9460,  30.9000,      10.
 14053, 114.0640,  30.7930,       9.
 14054, 114.2160,  30.6790,       9.
 14055, 114.4000,  30.5590,      11.
 14056, 114.6090,  30.4260,      13.
 14057, 114.8320,  30.2850,      41.
 14058, 115.0920,  30.0800,     116.
 14059, 115.3510,  29.8320,     226.
 14060, 115.6170,  29.5540,     344.
 14061, 115.8710,  29.3370,     403.
 14062, 116.0870,  29.1470,     414.
 14063, 116.2900,  28.9850,     439.
 14064, 116.4870,  28.8440,     472.
 14065, 116.6970,  28.7180,     522.
 14066, 116.9420,  28.6030,     574.
 14067, 117.2490,  28.4830,     653.
 14068, 117.5660,  28.3620,     775.
 14069, 117.8060,  28.1990,     852.
 14070, 117.9610,  27.9950,    1012.
 14071, 118.1440,  27.7660,    1191.
 14072, 118.4000,  27.5480,    1233.
 14073, 118.7210,  27.3430,    1303.
 14074, 119.0160,  27.1640,    1390.
 14075, 119.2590,  27.0160,    1577.
 14076, 119.5890,  26.9060,    1608.
 14077, 119.9880,  26.8720,    1515.
 14078, 120.3580,  26.8860,    1548.
 14079, 120.6710,  26.9090,    1405.
 14080, 121.0000,  26.9140,    1305.
 14081, 121.3470,  26.8970,    1321.
 14082, 121.7050,  26.8610,    1298.
 14083, 122.0670,  26.8070,    1283.
 14084, 122.4160,  26.7420,    1305.
 14085, 122.7570,  26.6680,    1336.
 14086, 123.1030,  26.5870,    1380.
 14087, 123.4500,  26.5040,    1408.
 14088, 123.7950,  26.4160,    1352.
 14089, 124.1500,  26.3340,    1325.
 14090, 124.5210,  26.2710,    1339.
 14091, 124.8940,  26.2120,    1367.
 14092, 125.2550,  26.1670,    1422.
 14093, 125.5990,  26.1470,    1436.
 14094, 125.9360,  26.1490,    1453.
 14095, 126.2490,  26.1590,    1487.
 14096, 126.5360,  26.1750,    1461.
 14097, 126.8230,  26.2030,    1460.
 14098, 127.0990,  26.2380,    1540.
 14099, 127.3410,  26.2810,    1640.
 14100, 127.5450,  26.3390,    1724.
 15000, 113.9460,  30.9000,      10.
 15057, 114.1340,  30.7760,       9.
 15058, 114.3430,  30.6340,      10.
 15059, 114.5650,  30.4810,      11.
 15060, 114.7970,  30.3060,      35.
 15061, 115.0540,  30.0700,     122.
 15062, 115.3120,  29.8070,     239.
 15063, 115.5870,  29.5490,     391.
 15064, 115.8480,  29.3610,     546.
 15065, 116.0730,  29.2050,     727.
 15066, 116.2890,  29.0550,     801.
 15067, 116.5070,  28.9180,     747.
 15068, 116.7320,  28.7900,     704.
 15069, 116.9570,  28.6590,     718.
 15070, 117.1590,  28.5220,     769.
 15071, 117.3350,  28.3810,     860.
 15072, 117.4680,  28.2450,     923.
 15073, 117.5650,  28.1200,     975.
 15074, 117.6520,  28.0040,    1048.
 15075, 117.7410,  27.8780,    1153.
 15076, 117.8840,  27.6900,    1279.
 15077, 118.1160,  27.4570,    1279.
 15078, 118.4410,  27.2310,    1248.
 15079, 118.8190,  27.0310,    1336.
 15080, 119.1550,  26.8940,    1596.
 15081, 119.4870,  26.8050,    1908.
 15082, 119.8730,  26.7560,    1891.
 15083, 120.2400,  26.7300,    1953.
 15084, 120.5820,  26.7570,    1883.
 15085, 120.9090,  26.7920,    1902.
 15086, 121.2020,  26.8060,    1923.
 15087, 121.4560,  26.8260,    1966.
 15088, 121.7030,  26.8560,    2016.
 15089, 121.9410,  26.8990,    2061.
 15090, 122.1280,  26.9580,    2115.
 15091, 122.2510,  27.0140,    2136.
 15092, 122.3430,  27.0680,    2126.
 15093, 122.4230,  27.1230,    2098.
 15094, 122.4940,  27.1570,    2039.
 15095, 122.5460,  27.1700,    1956.
 15096, 122.5540,  27.1880,    1858.
 15097, 122.5160,  27.1790,    1714.
 15098, 122.4730,  27.1230,    1532.
 15099, 122.4710,  27.0340,    1350.
 15100, 122.5420,  26.9020,    1192.
 15101, 122.6800,  26.7490,    1107.
 15102, 122.8550,  26.6100,    1085.
 15103, 123.0390,  26.4960,    1074.
 15104, 123.2760,  26.3890,    1056.
 16000, 113.9460,  30.9000,      10.
 16061, 114.1510,  30.7320,      10.
 16062, 114.3670,  30.5560,      12.
 16063, 114.6040,  30.3670,      18.
 16064, 114.8750,  30.1560,      67.
 16065, 115.1560,  29.9240,     108.
 16066, 115.4180,  29.6740,     248.
 16067, 115.6500,  29.4510,     291.
 16068, 115.8380,  29.2960,     312.
 16069, 116.0130,  29.1830,     317.
 16070, 116.1920,  29.0770,     296.
 16071, 116.3800,  28.9670,     265.
 16072, 116.6090,  28.8590,     241.
 16073, 116.8740,  28.7490,     234.
 16074, 117.1930,  28.6340,     324.
 16075, 117.5560,  28.5350,     413.
 16076, 117.8990,  28.4740,     582.
 16077, 118.1360,  28.3940,     560.
 16078, 118.2840,  28.2260,     763.
 16079, 118.5240,  27.9910,     943.
 16080, 118.8280,  27.8060,    1057.
 16081, 119.1840,  27.6110,    1239.
 16082, 119.5390,  27.4430,    1320.
 16083, 119.9150,  27.3210,    1281.
 16084, 120.2970,  27.2640,    1216.
 16085, 120.6610,  27.2500,    1199.
 16086, 120.9860,  27.2360,    1071.
 16087, 121.3340,  27.1900,     938.
 16088, 121.7110,  27.1020,     889.
 16089, 122.1100,  27.0060,     910.
 16090, 122.5390,  26.9150,     921.
 16091, 122.9880,  26.8360,     920.
 16092, 123.4290,  26.7690,     965.
 16093, 123.8410,  26.7040,     947.
 16094, 124.2530,  26.6460,     916.
 16095, 124.6390,  26.5900,     897.
 16096, 124.9990,  26.5500,     872.
 16097, 125.3460,  26.5220,     902.
 16098, 125.6670,  26.5070,     950.
 16099, 125.9720,  26.5050,     956.
 16100, 126.2610,  26.5170,    1024.
 16101, 126.5150,  26.5480,    1097.
 16102, 126.7450,  26.5880,    1108.
 16103, 126.9680,  26.6280,    1056.
 16104, 127.1950,  26.6530,     953.
 16105, 127.4250,  26.6650,     903.
 16106, 127.6430,  26.6740,     938.
 16107, 127.8520,  26.6750,     932.
 16108, 128.0760,  26.6620,     890.
 17000, 113.9460,  30.9000,      10.
 17065, 114.1530,  30.7090,      10.
 17066, 114.3690,  30.5350,      11.
 17067, 114.6120,  30.3670,      15.
 17068, 114.8800,  30.2000,      48.
 17069, 115.1440,  30.0250,      78.
 17070, 115.3620,  29.8810,     104.
 17071, 115.5310,  29.7610,     155.
 17072, 115.6560,  29.6790,     157.
 17073, 115.7860,  29.6290,     122.
 17074, 115.9070,  29.5760,     115.
 17075, 116.0170,  29.5160,     134.
 17076, 116.1660,  29.4530,     160.
 17077, 116.4180,  29.3770,     180.
 17078, 116.7110,  29.3320,     160.
 17079, 117.0400,  29.3050,     234.
 17080, 117.4270,  29.2620,     335.
 17081, 117.8500,  29.2040,     448.
 17082, 118.1690,  29.1310,     701.
 17083, 118.4640,  29.0750,     679.
 17084, 118.7530,  29.0520,     748.
 17085, 119.0150,  28.9810,     853.
 17086, 119.2380,  28.7870,    1044.
 17087, 119.4510,  28.5000,    1294.
 17088, 119.6910,  28.2450,    1416.
 17089, 119.9270,  28.0160,    1515.
 17090, 120.1830,  27.8380,    1568.
 17091, 120.5380,  27.7290,    1509.
 17092, 120.9330,  27.6770,    1258.
 17093, 121.3500,  27.6170,    1117.
 17094, 121.8050,  27.5590,    1033.
 17095, 122.2300,  27.4910,     970.
 17096, 122.6520,  27.3820,     929.
 17097, 123.0860,  27.2700,     836.
 17098, 123.5030,  27.1510,     827.
 17099, 123.8980,  27.0470,     772.
 17100, 124.2540,  26.9500,     747.
 17101, 124.5700,  26.8730,     717.
 17102, 124.8660,  26.8370,     669.
 17103, 125.1480,  26.8420,     711.
 17104, 125.3930,  26.8710,     795.
 17105, 125.6060,  26.9060,     835.
 17106, 125.7990,  26.9370,     865.
 17107, 125.9760,  26.9460,     900.
 17108, 126.1440,  26.9230,     910.
 17109, 126.3100,  26.8710,     865.
 17110, 126.4750,  26.8020,     834.
 17111, 126.6280,  26.7350,     820.
 17112, 126.7760,  26.6740,     813.
 18000, 113.9460,  30.9000,      10.
 18069, 114.1860,  30.7780,      10.
 18070, 114.4470,  30.6680,      10.
 18071, 114.6940,  30.5760,      10.
 18072, 114.9130,  30.5050,      11.
 18073, 115.0750,  30.4740,      11.
 18074, 115.2000,  30.4590,      12.
 18075, 115.3090,  30.4370,      20.
 18076, 115.4240,  30.4030,      51.
 18077, 115.5480,  30.3680,      96.
 18078, 115.6860,  30.3280,     152.
 18079, 115.8260,  30.2950,     211.
 18080, 115.9750,  30.2960,     213.
 18081, 116.1220,  30.3280,     176.
 18082, 116.2510,  30.3820,     155.
 18083, 116.3810,  30.4560,     138.
 18084, 116.5260,  30.5420,     104.
 18085, 116.6580,  30.5860,      76.
 18086, 116.7960,  30.5970,      49.
 18087, 116.9380,  30.6050,      35.
 18088, 117.0600,  30.6270,      33.
 18089, 117.1670,  30.6530,      34.
 18090, 117.2700,  30.6780,      34.
 18091, 117.3760,  30.7080,      33.
 18092, 117.4980,  30.7410,      33.
 18093, 117.6410,  30.7590,      41.
 18094, 117.7900,  30.7510,      63.
 18095, 117.9370,  30.7410,      85.
 18096, 118.0780,  30.7260,     108.
 18097, 118.1990,  30.7030,     114.
 18098, 118.3030,  30.6700,     114.
 18099, 118.3950,  30.6190,     147.
 18100, 118.4720,  30.5490,     212.
 18101, 118.5370,  30.4700,     289.
 18102, 118.6150,  30.3810,     338.
 18103, 118.7040,  30.2860,     353.
 18104, 118.7950,  30.2060,     382.
 18105, 118.9930,  30.0850,     483.
 18106, 119.2820,  29.9510,     462.
 18107, 119.5410,  29.8270,     418.
 18108, 119.7800,  29.7300,     454.
 18109, 120.0960,  29.5990,     481.
 18110, 120.4630,  29.4650,     594.
 18111, 120.8780,  29.2970,     592.
 18112, 121.1820,  29.1310,     615.
 18113, 121.4300,  28.9470,     623.
 18114, 121.6390,  28.7520,     560.
 18115, 121.8270,  28.5260,     489.
 18116, 121.9790,  28.3050,     594.
 19000, 113.9460,  30.9000,      10.
 19073, 114.1390,  30.8710,      10.
 19074, 114.3130,  30.8560,      11.
 19075, 114.4610,  30.8330,      11.
 19076, 114.5910,  30.7890,      11.
 19077, 114.7140,  30.7340,      11.
 19078, 114.8330,  30.6900,      15.
 19079, 114.9560,  30.6650,      33.
 19080, 115.0870,  30.6480,      66.
 19081, 115.2210,  30.6370,      91.
 19082, 115.3630,  30.6380,     118.
 19083, 115.5270,  30.6290,     197.
 19084, 115.6970,  30.5930,     299.
 19085, 115.8680,  30.5520,     419.
 19086, 116.0420,  30.5120,     482.
 19087, 116.2170,  30.4890,     484.
 19088, 116.3850,  30.4840,     426.
 19089, 116.5380,  30.5030,     365.
 19090, 116.6770,  30.5410,     337.
 19091, 116.8000,  30.5880,     346.
 19092, 116.9180,  30.6370,     364.
 19093, 117.0290,  30.6750,     363.
 19094, 117.1420,  30.7050,     357.
 19095, 117.2610,  30.7290,     346.
 19096, 117.3820,  30.7380,     325.
 19097, 117.5050,  30.7370,     291.
 19098, 117.6320,  30.7190,     259.
 19099, 117.7490,  30.6630,     248.
 19100, 117.8410,  30.5750,     276.
 19101, 117.9080,  30.4850,     333.
 19102, 117.9770,  30.3950,     355.
 19103, 118.0480,  30.3050,     342.
 19104, 118.1330,  30.2110,     381.
 19105, 118.3140,  30.0990,     533.
 19106, 118.6200,  29.9850,     636.
 19107, 118.9810,  29.8870,     742.
 19108, 119.3430,  29.7880,     674.
 19109, 119.6860,  29.7040,     613.
 19110, 120.1020,  29.5740,     645.
 19111, 120.5840,  29.4290,     817.
 19112, 120.9970,  29.2550,     749.
 19113, 121.3050,  29.0660,     734.
 19114, 121.5570,  28.8630,     677.
 19115, 121.7620,  28.6380,     567.
 19116, 121.9310,  28.3980,     598.
 19117, 122.0990,  28.2020,     756.
 19118, 122.2720,  28.0220,     756.
 19119, 122.3980,  27.8640,     686.
 19120, 122.4780,  27.7480,     576.
 20000, 113.9460,  30.9000,      10.
 20077, 114.0820,  30.8980,      13.
 20078, 114.2200,  30.8860,      17.
 20079, 114.3490,  30.8640,      22.
 20080, 114.4700,  30.8360,      24.
 20081, 114.5910,  30.8100,      24.
 20082, 114.7130,  30.7960,      24.
 20083, 114.8280,  30.7800,      28.
 20084, 114.9370,  30.7420,      42.
 20085, 115.0500,  30.6740,      49.
 20086, 115.1720,  30.5910,      44.
 20087, 115.2930,  30.5140,      43.
 20088, 115.4210,  30.4280,      58.
 20089, 115.5710,  30.3350,      98.
 20090, 115.7290,  30.2640,     159.
 20091, 115.8830,  30.2270,     197.
 20092, 116.0350,  30.2240,     149.
 20093, 116.1760,  30.2600,     100.
 20094, 116.3010,  30.3240,      70.
 20095, 116.4040,  30.3910,      55.
 20096, 116.5060,  30.4630,      33.
 20097, 116.5970,  30.5270,       3.
 20098, 116.6700,  30.5860,       0.
 20099, 116.7370,  30.6530,       0.
 20100, 116.8040,  30.7260,       0.
 20101, 116.8630,  30.8010,       3.
 20102, 116.9100,  30.8730,      21.
 20103, 116.9600,  30.9480,      51.
 20104, 117.0380,  31.0200,      63.
 20105, 117.1890,  31.0540,      48.
 20106, 117.4180,  31.0450,      46.
 20107, 117.7010,  31.0100,      56.
 20108, 118.0680,  30.9550,     129.
 20109, 118.4110,  30.8900,     192.
 20110, 118.7240,  30.7770,     370.
 20111, 118.9880,  30.6060,     511.
 20112, 119.2480,  30.4100,     636.
 20113, 119.5310,  30.2480,     637.
 20114, 119.7880,  30.0810,     642.
 20115, 120.0400,  29.8470,     791.
 20116, 120.3420,  29.6010,    1105.
 20117, 120.6470,  29.3590,    1392.
 20118, 120.8690,  29.0790,    1695.
 20119, 121.0700,  28.8150,    2028.
 20120, 121.2550,  28.5780,    2116.
 20121, 121.4700,  28.3670,    2082.
 20122, 121.6770,  28.1700,    2022.
 20123, 121.8650,  27.9820,    2039.
 20124, 122.0340,  27.8140,    1983.
END
