  1000, 113.9460,  30.9000,      10.
  1001, 113.9880,  30.9350,      10.
  1002, 114.0200,  30.9660,      10.
  1003, 114.0480,  30.9890,      10.
  1004, 114.0760,  31.0040,      11.
  1005, 114.1000,  31.0190,      11.
  1006, 114.1190,  31.0420,      11.
  1007, 114.1320,  31.0750,      11.
  1008, 114.1480,  31.1160,      14.
  1009, 114.1740,  31.1630,      27.
  1010, 114.2010,  31.2140,      60.
  1011, 114.2270,  31.2750,     114.
  1012, 114.2640,  31.3470,     166.
  1013, 114.3100,  31.4270,     200.
  1014, 114.3620,  31.5160,     220.
  1015, 114.4070,  31.6160,     235.
  1016, 114.4300,  31.7330,     261.
  1017, 114.4200,  31.8720,     302.
  1018, 114.3740,  32.0250,     339.
  1019, 114.3190,  32.1880,     397.
  1020, 114.2900,  32.3540,     459.
  1021, 114.2830,  32.5260,     492.
  1022, 114.2800,  32.7050,     490.
  1023, 114.2570,  32.8830,     475.
  1024, 114.2100,  33.0780,     451.
  1025, 114.1530,  33.3050,     413.
  1026, 114.0700,  33.5520,     340.
  1027, 113.9380,  33.7680,     308.
  1028, 113.7940,  33.8990,     300.
  1029, 113.6460,  33.9760,     297.
  1030, 113.5100,  34.0420,     283.
  1031, 113.3890,  34.1200,     268.
  1032, 113.2930,  34.1920,     288.
  1033, 113.2250,  34.2270,     330.
  1034, 113.1770,  34.2210,     378.
  1035, 113.1130,  34.2040,     425.
  1036, 113.0230,  34.2010,     458.
  1037, 112.9450,  34.2200,     615.
  1038, 113.0300,  34.1710,    1082.
  1039, 113.1370,  34.0630,    1201.
  1040, 113.1500,  33.9310,    1116.
  1041, 113.1050,  33.7840,    1031.
  1042, 113.0570,  33.6510,     936.
  1043, 112.9370,  33.5250,     937.
  1044, 112.8390,  33.3940,    1102.
  1045, 112.8200,  33.2390,    1278.
  1046, 112.8200,  33.0600,    1342.
  1047, 112.8270,  32.8650,    1249.
  1048, 112.8100,  32.6460,    1158.
  2000, 113.9460,  30.9000,      10.
  2005, 113.9810,  30.9320,      10.
  2006, 114.0080,  30.9590,      10.
  2007, 114.0250,  30.9880,      10.
  2008, 114.0460,  31.0220,      12.
  2009, 114.0840,  31.0630,      21.
  2010, 114.1370,  31.1110,      42.
  2011, 114.1910,  31.1670,      78.
  2012, 114.2350,  31.2260,     125.
  2013, 114.2790,  31.2880,     169.
  2014, 114.3290,  31.3630,     197.
  2015, 114.3850,  31.4560,     207.
  2016, 114.4350,  31.5620,     204.
  2017, 114.4530,  31.6910,     199.
  2018, 114.4200,  31.8480,     197.
  2019, 114.3350,  32.0140,     220.
  2020, 114.2590,  32.1830,     288.
  2021, 114.2190,  32.3610,     338.
  2022, 114.1810,  32.5610,     362.
  2023, 114.1440,  32.7650,     404.
  2024, 114.1000,  32.9610,     440.
  2025, 114.0400,  33.1720,     436.
  2026, 113.9580,  33.4090,     405.
  2027, 113.8270,  33.6240,     363.
  2028, 113.6550,  33.7680,     398.
  2029, 113.5380,  33.8420,     493.
  2030, 113.4810,  33.8990,     529.
  2031, 113.4200,  33.9690,     491.
  2032, 113.3380,  34.0440,     459.
  2033, 113.2680,  34.0920,     464.
  2034, 113.2110,  34.1090,     489.
  2035, 113.1560,  34.1040,     525.
  2036, 113.0920,  34.0930,     561.
  2037, 113.0250,  34.0920,     555.
  2038, 112.9600,  34.0800,     524.
  2039, 112.9030,  34.0020,     526.
  2040, 112.7890,  33.8390,     624.
  2041, 112.7370,  33.6550,     970.
  2042, 112.8270,  33.5000,    1332.
  2043, 112.9500,  33.3390,    1472.
  2044, 113.0490,  33.1540,    1516.
  2045, 113.1710,  32.9490,    1557.
  2046, 113.3770,  32.7660,    1672.
  2047, 113.6060,  32.5750,    1736.
  2048, 113.7930,  32.3720,    1704.
  2049, 113.9420,  32.1950,    1590.
  2050, 114.0030,  32.0340,    1477.
  2051, 114.0000,  31.8280,    1510.
  2052, 114.0160,  31.6060,    1709.
  3000, 113.9460,  30.9000,      10.
  3009, 114.0020,  30.9360,      13.
  3010, 114.0720,  30.9740,      22.
  3011, 114.1490,  31.0180,      39.
  3012, 114.2240,  31.0670,      63.
  3013, 114.2900,  31.1150,      82.
  3014, 114.3450,  31.1680,      94.
  3015, 114.3900,  31.2350,      95.
  3016, 114.4340,  31.3130,      86.
  3017, 114.4750,  31.3990,      80.
  3018, 114.5130,  31.5030,      97.
  3019, 114.5270,  31.6410,     116.
  3020, 114.4770,  31.8050,      95.
  3021, 114.4010,  31.9440,      69.
  3022, 114.3390,  32.0470,      54.
  3023, 114.2980,  32.1320,      42.
  3024, 114.2860,  32.2150,      27.
  3025, 114.2980,  32.2970,      11.
  3026, 114.3080,  32.3780,       2.
  3027, 114.3100,  32.4640,       0.
  3028, 114.3140,  32.5570,       0.
  3029, 114.3020,  32.6450,       0.
  3030, 114.2800,  32.7390,       0.
  3031, 114.2480,  32.8410,       0.
  3032, 114.2080,  32.9360,       0.
  3033, 114.1680,  33.0300,       0.
  3034, 114.1230,  33.1410,       0.
  3035, 114.0510,  33.2360,       0.
  3036, 113.9590,  33.2900,       3.
  3037, 113.8650,  33.3120,      12.
  3038, 113.7810,  33.3160,      25.
  3039, 113.7230,  33.3020,      36.
  3040, 113.6950,  33.2640,      41.
  3041, 113.6730,  33.2140,      55.
  3042, 113.6070,  33.1470,      88.
  3043, 113.4860,  33.0620,     126.
  3044, 113.3250,  32.9860,     128.
  3045, 113.1500,  32.9260,      85.
  3046, 112.9890,  32.8310,      67.
  3047, 112.8780,  32.6860,      73.
  3048, 112.8440,  32.5100,     121.
  3049, 112.8350,  32.3060,     167.
  3050, 112.7860,  32.1050,     163.
  3051, 112.6380,  31.8860,     164.
  3052, 112.4420,  31.6570,     134.
  3053, 112.2290,  31.4420,     174.
  3054, 112.0220,  31.1840,     471.
  3055, 111.9680,  30.9850,     723.
  3056, 111.9600,  30.7800,     805.
  4000, 113.9460,  30.9000,      10.
  4013, 114.0300,  30.9440,      19.
  4014, 114.1120,  30.9940,      31.
  4015, 114.1940,  31.0610,      48.
  4016, 114.2700,  31.1460,      64.
  4017, 114.3250,  31.2390,      75.
  4018, 114.3630,  31.3330,      81.
  4019, 114.3970,  31.4400,      94.
  4020, 114.4140,  31.5610,     110.
  4021, 114.4000,  31.6820,     113.
  4022, 114.3690,  31.7890,     107.
  4023, 114.3380,  31.8790,      99.
  4024, 114.3090,  31.9570,      86.
  4025, 114.2870,  32.0250,      63.
  4026, 114.2700,  32.0860,      45.
  4027, 114.2450,  32.1430,      36.
  4028, 114.2070,  32.1990,      29.
  4029, 114.1440,  32.2510,      26.
  4030, 114.0560,  32.3100,      30.
  4031, 113.9690,  32.3920,      43.
  4032, 113.8920,  32.4700,      60.
  4033, 113.7930,  32.5240,      88.
  4034, 113.6670,  32.5900,     134.
  4035, 113.5670,  32.6550,     153.
  4036, 113.5000,  32.7270,     130.
  4037, 113.4410,  32.8330,     109.
  4038, 113.3910,  32.9110,      94.
  4039, 113.3290,  32.9480,      80.
  4040, 113.2310,  32.9670,      77.
  4041, 113.1160,  32.9610,      79.
  4042, 113.0040,  32.9170,      77.
  4043, 112.8810,  32.8410,      78.
  4044, 112.7680,  32.7400,      80.
  4045, 112.7050,  32.6070,      88.
  4046, 112.6780,  32.4280,     101.
  4047, 112.6530,  32.2330,      96.
  4048, 112.6270,  32.0370,     102.
  4049, 112.5930,  31.8040,     130.
  4050, 112.5390,  31.5530,     133.
  4051, 112.4640,  31.3840,      90.
  4052, 112.3450,  31.2670,     119.
  4053, 112.1780,  31.1240,     267.
  4054, 112.0920,  30.9600,     464.
  4055, 112.0360,  30.7850,     581.
  4056, 111.9740,  30.5870,     584.
  4057, 111.9390,  30.3940,     552.
  4058, 111.9340,  30.2260,     449.
  4059, 111.9170,  30.0400,     367.
  4060, 111.8870,  29.8330,     317.
  5000, 113.9460,  30.9000,      10.
  5017, 113.9960,  30.9750,      24.
  5018, 114.0330,  31.0500,      43.
  5019, 114.0610,  31.1320,      58.
  5020, 114.0830,  31.2160,      70.
  5021, 114.1040,  31.2870,      88.
  5022, 114.1210,  31.3410,     119.
  5023, 114.1400,  31.3830,     150.
  5024, 114.1650,  31.4160,     169.
  5025, 114.1970,  31.4330,     184.
  5026, 114.2340,  31.4300,     198.
  5027, 114.2720,  31.4060,     214.
  5028, 114.3120,  31.3610,     233.
  5029, 114.3520,  31.2950,     253.
  5030, 114.4000,  31.2040,     268.
  5031, 114.4820,  31.0740,     255.
  5032, 114.5940,  30.9190,     229.
  5033, 114.7400,  30.7500,     236.
  5034, 114.9330,  30.5730,     275.
  5035, 115.1420,  30.4010,     343.
  5036, 115.3450,  30.2600,     452.
  5037, 115.5450,  30.1660,     488.
  5038, 115.7430,  30.0890,     538.
  5039, 115.9040,  29.9710,     592.
  5040, 116.0060,  29.7910,     669.
  5041, 116.0940,  29.5670,     801.
  5042, 116.1970,  29.2940,     817.
  5043, 116.3410,  29.0100,     653.
  5044, 116.5240,  28.7520,     547.
  5045, 116.7100,  28.5490,     624.
  5046, 116.9150,  28.3950,     895.
  5047, 117.0850,  28.2430,    1177.
  5048, 117.2340,  28.0950,    1358.
  5049, 117.3580,  27.9530,    1623.
  5050, 117.4530,  27.8080,    1817.
  5051, 117.5050,  27.6830,    1821.
  5052, 117.5760,  27.5720,    1873.
  5053, 117.6880,  27.4950,    2010.
  5054, 117.7750,  27.4650,    2222.
  5055, 117.7850,  27.5000,    2607.
  5056, 117.7020,  27.5860,    3218.
  5057, 117.4810,  27.6720,    3799.
  5058, 116.9310,  27.6070,    4072.
  5059, 116.4090,  27.4940,    4117.
  5060, 115.7970,  27.3880,    4117.
  5061, 115.3340,  27.2210,    4013.
  5062, 114.9280,  27.0140,    3971.
  5063, 114.6680,  26.8560,    3786.
  5064, 114.4540,  26.7390,    3460.
  6000, 113.9460,  30.9000,      10.
  6021, 114.0030,  30.9390,      18.
  6022, 114.0630,  30.9720,      25.
  6023, 114.1210,  30.9990,      30.
  6024, 114.1800,  31.0190,      33.
  6025, 114.2440,  31.0300,      35.
  6026, 114.3080,  31.0370,      36.
  6027, 114.3640,  31.0430,      38.
  6028, 114.4100,  31.0440,      42.
  6029, 114.4470,  31.0350,      47.
  6030, 114.4790,  31.0080,      51.
  6031, 114.5140,  30.9550,      52.
  6032, 114.5710,  30.8770,      53.
  6033, 114.6540,  30.7790,      60.
  6034, 114.7670,  30.6580,      76.
  6035, 114.9100,  30.5270,      94.
  6036, 115.0750,  30.3800,     130.
  6037, 115.2380,  30.2460,     205.
  6038, 115.4100,  30.1340,     284.
  6039, 115.5910,  30.0460,     338.
  6040, 115.7270,  29.9840,     386.
  6041, 115.8340,  29.9140,     416.
  6042, 115.9240,  29.7820,     424.
  6043, 115.9840,  29.6080,     423.
  6044, 116.0230,  29.4160,     443.
  6045, 116.0710,  29.2230,     402.
  6046, 116.1080,  29.0490,     372.
  6047, 116.1320,  28.8890,     452.
  6048, 116.1470,  28.7300,     636.
  6049, 116.1800,  28.5670,     691.
  6050, 116.2520,  28.3530,     630.
  6051, 116.4110,  28.0730,    1020.
  6052, 116.5660,  27.8400,    1719.
  6053, 116.7370,  27.6320,    2187.
  6054, 116.8490,  27.4390,    2402.
  6055, 116.8390,  27.3110,    2636.
  6056, 116.6920,  27.2330,    2812.
  6057, 116.5750,  27.2040,    3022.
  6058, 116.4720,  27.1550,    3388.
  6059, 116.0800,  27.0860,    3452.
  6060, 115.6570,  27.0080,    3543.
  6061, 115.3640,  26.8920,    3698.
  6062, 115.1010,  26.7780,    3654.
  6063, 114.8570,  26.6950,    3668.
  6064, 114.6430,  26.6250,    3422.
  6065, 114.4500,  26.5690,    3156.
  6066, 114.2660,  26.5210,    2741.
  6067, 114.0990,  26.4850,    2517.
  6068, 113.9260,  26.4640,    2444.
  7000, 113.9460,  30.9000,      10.
  7025, 114.0300,  30.9200,      11.
  7026, 114.1120,  30.9320,      11.
  7027, 114.1920,  30.9380,      10.
  7028, 114.2750,  30.9380,      10.
  7029, 114.3480,  30.9300,      10.
  7030, 114.4110,  30.9060,      10.
  7031, 114.4710,  30.8640,      10.
  7032, 114.5400,  30.8030,      11.
  7033, 114.6230,  30.7310,      14.
  7034, 114.7170,  30.6480,      20.
  7035, 114.8340,  30.5530,      31.
  7036, 114.9720,  30.4430,      43.
  7037, 115.1180,  30.3230,      64.
  7038, 115.2760,  30.2030,      97.
  7039, 115.4470,  30.0940,     125.
  7040, 115.6100,  30.0050,     146.
  7041, 115.7400,  29.9340,     153.
  7042, 115.8450,  29.8510,     150.
  7043, 115.9260,  29.7200,     168.
  7044, 115.9780,  29.5880,     201.
  7045, 116.0020,  29.4810,     250.
  7046, 116.0090,  29.3680,     288.
  7047, 115.9720,  29.2330,     302.
  7048, 115.9040,  29.0890,     369.
  7049, 115.8740,  28.9320,     586.
  7050, 115.9440,  28.7240,     931.
  7051, 116.1080,  28.5160,    1114.
  7052, 116.2890,  28.2890,    1294.
  7053, 116.4880,  28.1290,    1821.
  7054, 116.6630,  28.0760,    2403.
  7055, 116.7470,  28.1200,    3001.
  7056, 116.7040,  28.1850,    3761.
  7057, 116.6780,  28.2820,    4308.
  7058, 116.5950,  28.4470,    5051.
  7059, 116.1610,  28.5270,    5632.
  7060, 115.6730,  28.5320,    5443.
  7061, 115.2890,  28.4920,    5171.
  7062, 114.9150,  28.3760,    4881.
  7063, 114.5360,  28.2810,    4748.
  7064, 114.0420,  28.1080,    4626.
  7065, 113.6500,  27.8730,    4509.
  7066, 113.3930,  27.6510,    4397.
  7067, 113.1070,  27.4510,    4229.
  7068, 112.8670,  27.2880,    4143.
  7069, 112.6480,  27.1360,    4163.
  7070, 112.4460,  27.0340,    4023.
  7071, 112.2970,  26.9770,    3824.
  7072, 112.1620,  26.9460,    3760.
  8000, 113.9460,  30.9000,      10.
  8029, 114.0090,  30.9230,       8.
  8030, 114.0770,  30.9410,       5.
  8031, 114.1460,  30.9460,       3.
  8032, 114.2170,  30.9290,       1.
  8033, 114.2890,  30.8880,       0.
  8034, 114.3610,  30.8310,       0.
  8035, 114.4480,  30.7550,       0.
  8036, 114.5570,  30.6550,       2.
  8037, 114.6680,  30.5530,       5.
  8038, 114.8080,  30.4580,      10.
  8039, 114.9480,  30.3520,      17.
  8040, 115.1040,  30.2450,      24.
  8041, 115.2750,  30.1280,      23.
  8042, 115.4360,  30.0100,      16.
  8043, 115.5770,  29.8950,      28.
  8044, 115.6690,  29.7770,      61.
  8045, 115.7250,  29.6600,      94.
  8046, 115.7800,  29.5410,     109.
  8047, 115.8070,  29.4340,     106.
  8048, 115.7790,  29.3350,     102.
  8049, 115.7030,  29.2340,     123.
  8050, 115.5940,  29.1480,     203.
  8051, 115.4670,  29.0690,     385.
  8052, 115.3760,  28.9430,     684.
  8053, 115.4110,  28.7160,    1074.
  8054, 115.5490,  28.4520,    1405.
  8055, 115.7550,  28.2210,    1603.
  8056, 116.0020,  28.0470,    1862.
  8057, 116.2540,  27.9850,    2116.
  8058, 116.5220,  28.0110,    2526.
  8059, 116.7760,  28.0470,    2975.
  8060, 116.9530,  28.0940,    3380.
  8061, 117.0640,  28.1640,    3596.
  8062, 117.1400,  28.2470,    3614.
  8063, 117.1970,  28.3190,    3582.
  8064, 117.2330,  28.3870,    3600.
  8065, 117.2320,  28.4580,    3718.
  8066, 117.1830,  28.5280,    3862.
  8067, 117.1060,  28.6010,    3938.
  8068, 117.0280,  28.6750,    3978.
  8069, 116.9490,  28.7490,    4028.
  8070, 116.8610,  28.8180,    4109.
  8071, 116.7620,  28.8800,    4234.
  8072, 116.6490,  28.9330,    4377.
  8073, 116.5240,  28.9780,    4497.
  8074, 116.3700,  29.0330,    4623.
  8075, 116.1910,  29.1210,    4794.
  8076, 115.9870,  29.2670,    4962.
  9000, 113.9460,  30.9000,      10.
  9033, 113.9520,  30.8930,       8.
  9034, 113.9360,  30.8620,       9.
  9035, 113.9190,  30.8060,      10.
  9036, 113.9000,  30.7230,       7.
  9037, 113.8580,  30.6180,       5.
  9038, 113.8260,  30.5080,       6.
  9039, 113.8270,  30.4060,       7.
  9040, 113.8400,  30.3080,       8.
  9041, 113.8630,  30.2240,       8.
  9042, 113.9060,  30.1580,       8.
  9043, 113.9670,  30.1060,       8.
  9044, 114.0470,  30.0600,       9.
  9045, 114.1450,  30.0140,      16.
  9046, 114.2760,  29.9550,      36.
  9047, 114.4230,  29.8910,      73.
  9048, 114.5530,  29.8400,     119.
  9049, 114.6680,  29.7930,     139.
  9050, 114.7470,  29.7320,     124.
  9051, 114.7800,  29.6490,     141.
  9052, 114.7930,  29.5450,     248.
  9053, 114.8380,  29.4130,     517.
  9054, 114.8870,  29.2590,     759.
  9055, 114.9890,  29.0290,    1100.
  9056, 115.1960,  28.7480,    1422.
  9057, 115.3600,  28.5120,    1749.
  9058, 115.5700,  28.4060,    1990.
  9059, 115.7930,  28.3600,    2555.
  9060, 115.9560,  28.3160,    3146.
  9061, 116.1220,  28.2860,    3446.
  9062, 116.2690,  28.2810,    3689.
  9063, 116.3430,  28.2970,    3988.
  9064, 116.3040,  28.3140,    4311.
  9065, 116.1670,  28.3510,    4607.
  9066, 116.0060,  28.4080,    4742.
  9067, 115.8160,  28.4540,    4841.
  9068, 115.6000,  28.4790,    4960.
  9069, 115.3740,  28.4920,    5120.
  9070, 115.1330,  28.4880,    5276.
  9071, 114.9070,  28.4670,    5173.
  9072, 114.7240,  28.4530,    5025.
  9073, 114.5700,  28.4470,    5046.
  9074, 114.4090,  28.4520,    5065.
  9075, 114.2480,  28.4680,    4878.
  9076, 114.1230,  28.4700,    4581.
  9077, 114.0540,  28.4700,    4305.
  9078, 114.0280,  28.5050,    4122.
  9079, 114.0200,  28.5860,    4042.
  9080, 114.0080,  28.7010,    4056.
 10000, 113.9460,  30.9000,      10.
 10037, 113.9830,  30.8050,       7.
 10038, 114.0160,  30.6880,       1.
 10039, 114.0680,  30.5700,       0.
 10040, 114.1350,  30.4540,       4.
 10041, 114.2090,  30.3450,      10.
 10042, 114.2890,  30.2460,      16.
 10043, 114.3850,  30.1560,      24.
 10044, 114.4990,  30.0760,      46.
 10045, 114.6470,  30.0010,      88.
 10046, 114.8330,  29.9440,     129.
 10047, 114.9920,  29.9080,     156.
 10048, 115.0930,  29.8780,     186.
 10049, 115.1430,  29.8530,     208.
 10050, 115.1400,  29.7970,     229.
 10051, 115.1140,  29.6630,     306.
 10052, 115.1600,  29.4900,     721.
 10053, 115.3510,  29.3330,    1359.
 10054, 115.5220,  29.1660,    1479.
 10055, 115.6790,  28.9410,    1500.
 10056, 115.8810,  28.7200,    1756.
 10057, 116.0250,  28.5410,    1946.
 10058, 116.1140,  28.3700,    2007.
 10059, 116.2280,  28.2280,    2092.
 10060, 116.3570,  28.1390,    2409.
 10061, 116.4360,  28.0550,    2910.
 10062, 116.4420,  27.9710,    3310.
 10063, 116.4680,  27.9330,    3588.
 10064, 116.4530,  27.9100,    3769.
 10065, 116.3920,  27.8810,    3868.
 10066, 116.3310,  27.8470,    3922.
 10067, 116.2900,  27.7950,    3888.
 10068, 116.2880,  27.7300,    3767.
 10069, 116.3080,  27.6820,    3666.
 10070, 116.3320,  27.6520,    3634.
 10071, 116.3510,  27.6460,    3645.
 10072, 116.3690,  27.6670,    3656.
 10073, 116.3910,  27.7130,    3668.
 10074, 116.4090,  27.7620,    3679.
 10075, 116.4110,  27.8010,    3688.
 10076, 116.3930,  27.8340,    3714.
 10077, 116.3680,  27.8720,    3753.
 10078, 116.3480,  27.9220,    3786.
 10079, 116.3320,  27.9810,    3787.
 10080, 116.3190,  28.0530,    3786.
 10081, 116.2950,  28.1550,    3859.
 10082, 116.2470,  28.3010,    4044.
 10083, 116.1450,  28.4730,    4183.
 10084, 116.0060,  28.6330,    4281.
 11000, 113.9460,  30.9000,      10.
 11041, 114.1190,  30.7830,       8.
 11042, 114.2870,  30.6840,       8.
 11043, 114.4490,  30.5810,      11.
 11044, 114.6160,  30.4820,      13.
 11045, 114.7860,  30.4120,      23.
 11046, 114.9570,  30.3630,      42.
 11047, 115.0820,  30.3150,      60.
 11048, 115.1310,  30.2680,      78.
 11049, 115.1150,  30.2230,      95.
 11050, 115.0540,  30.1670,     121.
 11051, 114.9560,  30.0720,     166.
 11052, 114.8350,  29.9260,     235.
 11053, 114.7890,  29.7750,     246.
 11054, 114.7900,  29.6600,     243.
 11055, 114.7780,  29.5460,     274.
 11056, 114.7400,  29.4140,     351.
 11057, 114.7110,  29.3270,     398.
 11058, 114.6870,  29.2870,     394.
 11059, 114.6640,  29.2660,     373.
 11060, 114.6420,  29.2370,     354.
 11061, 114.6270,  29.2010,     340.
 11062, 114.6140,  29.1680,     333.
 11063, 114.5940,  29.1360,     333.
 11064, 114.5680,  29.1020,     349.
 11065, 114.5450,  29.0630,     382.
 11066, 114.5360,  29.0150,     416.
 11067, 114.5410,  28.9490,     439.
 11068, 114.5580,  28.8800,     448.
 11069, 114.5810,  28.8230,     441.
 11070, 114.6060,  28.7790,     417.
 11071, 114.6310,  28.7410,     407.
 11072, 114.6520,  28.7040,     431.
 11073, 114.6630,  28.6660,     486.
 11074, 114.6620,  28.6180,     540.
 11075, 114.6530,  28.5540,     563.
 11076, 114.6390,  28.4810,     552.
 11077, 114.6210,  28.4110,     519.
 11078, 114.6000,  28.3550,     482.
 11079, 114.5760,  28.3160,     452.
 11080, 114.5400,  28.2800,     428.
 11081, 114.4760,  28.2380,     405.
 11082, 114.3830,  28.1930,     400.
 11083, 114.2690,  28.1470,     424.
 11084, 114.1460,  28.0960,     497.
 11085, 114.0270,  28.0440,     701.
 11086, 113.9200,  27.9970,     950.
 11087, 113.8120,  27.9460,    1099.
 11088, 113.6980,  27.8950,    1157.
 12000, 113.9460,  30.9000,      10.
 12045, 114.0540,  30.8940,      12.
 12046, 114.1270,  30.9330,      17.
 12047, 114.1520,  30.9920,      25.
 12048, 114.1210,  31.0160,      26.
 12049, 114.0420,  30.9880,      19.
 12050, 113.9340,  30.9210,      13.
 12051, 113.8020,  30.8400,       9.
 12052, 113.6260,  30.7460,       9.
 12053, 113.4580,  30.6470,       8.
 12054, 113.3150,  30.5180,       6.
 12055, 113.1420,  30.3420,       7.
 12056, 112.9670,  30.1800,      10.
 12057, 112.8730,  30.0440,      14.
 12058, 112.8550,  29.9350,      22.
 12059, 112.8580,  29.8290,      25.
 12060, 112.8580,  29.7160,      22.
 12061, 112.8600,  29.5890,      13.
 12062, 112.8650,  29.4550,       0.
 12063, 112.8770,  29.3180,       0.
 12064, 112.8920,  29.1790,       0.
 12065, 112.8960,  29.0380,       0.
 12066, 112.8900,  28.8940,       0.
 12067, 112.8820,  28.7490,       2.
 12068, 112.8890,  28.6170,       4.
 12069, 112.9200,  28.5120,       6.
 12070, 112.9670,  28.4330,       8.
 12071, 113.0200,  28.3720,       8.
 12072, 113.0720,  28.3150,       6.
 12073, 113.1250,  28.2590,       5.
 12074, 113.1750,  28.2010,       5.
 12075, 113.2160,  28.1410,       7.
 12076, 113.2480,  28.0780,      10.
 12077, 113.2740,  28.0090,      19.
 12078, 113.2940,  27.9360,      34.
 12079, 113.3040,  27.8640,      49.
 12080, 113.3040,  27.7870,      57.
 12081, 113.2970,  27.6990,      58.
 12082, 113.2820,  27.5920,      76.
 12083, 113.2550,  27.4780,     125.
 12084, 113.2050,  27.3680,     175.
 12085, 113.1280,  27.2580,     183.
 12086, 113.0420,  27.1510,     186.
 12087, 112.9530,  27.0560,     188.
 12088, 112.8550,  26.9700,     176.
 12089, 112.7660,  26.8920,     161.
 12090, 112.6980,  26.8200,     164.
 12091, 112.6520,  26.7530,     181.
 12092, 112.6240,  26.6900,     196.
 13000, 113.9460,  30.9000,      10.
 13049, 113.9130,  30.8440,       9.
 13050, 113.8580,  30.7630,       8.
 13051, 113.7630,  30.6740,       8.
 13052, 113.6100,  30.5820,       6.
 13053, 113.4430,  30.4770,       5.
 13054, 113.2910,  30.3400,       5.
 13055, 113.1090,  30.1850,       8.
 13056, 112.9470,  30.0330,      10.
 13057, 112.8650,  29.9000,      14.
 13058, 112.8350,  29.7870,      16.
 13059, 112.8220,  29.6820,      12.
 13060, 112.8070,  29.5570,       1.
 13061, 112.7980,  29.4120,       0.
 13062, 112.8090,  29.2680,       0.
 13063, 112.8240,  29.1220,       0.
 13064, 112.8300,  28.9720,       0.
 13065, 112.8280,  28.8220,       3.
 13066, 112.8250,  28.6740,       7.
 13067, 112.8260,  28.5330,       7.
 13068, 112.8380,  28.4060,       5.
 13069, 112.8670,  28.2980,       2.
 13070, 112.9100,  28.2080,       0.
 13071, 112.9570,  28.1300,       0.
 13072, 112.9950,  28.0530,       0.
 13073, 113.0230,  27.9770,       0.
 13074, 113.0450,  27.9030,       1.
 13075, 113.0640,  27.8350,       2.
 13076, 113.0770,  27.7770,       2.
 13077, 113.0870,  27.7270,       2.
 13078, 113.0930,  27.6760,       2.
 13079, 113.0950,  27.6240,       3.
 13080, 113.0950,  27.5650,       7.
 13081, 113.0950,  27.4920,      18.
 13082, 113.0910,  27.4000,      36.
 13083, 113.0750,  27.3040,      47.
 13084, 113.0450,  27.2190,      51.
 13085, 113.0030,  27.1370,      59.
 13086, 112.9450,  27.0550,      75.
 13087, 112.8680,  26.9780,      86.
 13088, 112.7820,  26.9050,      90.
 13089, 112.7040,  26.8340,     105.
 13090, 112.6440,  26.7680,     126.
 13091, 112.6030,  26.7040,     154.
 13092, 112.5750,  26.6450,     177.
 13093, 112.5590,  26.5930,     190.
 13094, 112.5580,  26.5480,     199.
 13095, 112.5670,  26.5120,     206.
 13096, 112.5780,  26.4850,     213.
 14000, 113.9460,  30.9000,      10.
 14053, 113.7560,  30.8130,       6.
 14054, 113.6240,  30.7060,       8.
 14055, 113.5150,  30.5770,      10.
 14056, 113.3790,  30.4300,      12.
 14057, 113.2550,  30.2930,      12.
 14058, 113.1740,  30.1630,       9.
 14059, 113.1390,  30.0470,      10.
 14060, 113.1320,  29.9400,      13.
 14061, 113.1450,  29.8460,      14.
 14062, 113.1610,  29.7520,      16.
 14063, 113.1650,  29.6480,      24.
 14064, 113.1660,  29.5360,      34.
 14065, 113.1680,  29.4230,      37.
 14066, 113.1680,  29.3080,      34.
 14067, 113.1700,  29.2010,      22.
 14068, 113.1830,  29.0980,      14.
 14069, 113.2160,  28.9970,      15.
 14070, 113.2730,  28.9030,      30.
 14071, 113.3500,  28.8170,      68.
 14072, 113.4400,  28.7400,     100.
 14073, 113.5300,  28.6880,     109.
 14074, 113.6030,  28.6510,     122.
 14075, 113.6510,  28.6120,     141.
 14076, 113.6810,  28.5680,     158.
 14077, 113.6980,  28.5170,     173.
 14078, 113.7050,  28.4610,     183.
 14079, 113.7040,  28.4000,     186.
 14080, 113.7010,  28.3380,     187.
 14081, 113.7030,  28.2760,     200.
 14082, 113.7050,  28.2140,     225.
 14083, 113.6900,  28.1400,     249.
 14084, 113.6530,  28.0570,     276.
 14085, 113.5980,  27.9830,     322.
 14086, 113.5300,  27.9100,     354.
 14087, 113.4570,  27.8280,     334.
 14088, 113.3810,  27.7420,     300.
 14089, 113.3020,  27.6490,     280.
 14090, 113.2290,  27.5480,     272.
 14091, 113.1600,  27.4360,     269.
 14092, 113.0900,  27.3050,     272.
 14093, 113.0250,  27.1650,     285.
 14094, 112.9730,  27.0370,     299.
 14095, 112.9320,  26.9300,     308.
 14096, 112.8950,  26.8470,     309.
 14097, 112.8640,  26.7860,     300.
 14098, 112.8380,  26.7340,     288.
 14099, 112.8110,  26.6780,     279.
 14100, 112.7840,  26.6180,     277.
 15000, 113.9460,  30.9000,      10.
 15057, 113.8950,  30.8700,      11.
 15058, 113.8440,  30.8390,      12.
 15059, 113.7950,  30.7960,      12.
 15060, 113.7520,  30.7280,      16.
 15061, 113.7300,  30.6480,      26.
 15062, 113.7370,  30.5680,      33.
 15063, 113.7590,  30.4950,      35.
 15064, 113.7780,  30.4240,      35.
 15065, 113.7980,  30.3630,      34.
 15066, 113.8300,  30.3170,      28.
 15067, 113.8760,  30.2820,      17.
 15068, 113.9380,  30.2500,       5.
 15069, 114.0120,  30.2140,       0.
 15070, 114.0900,  30.1730,       0.
 15071, 114.1710,  30.1270,       0.
 15072, 114.2590,  30.0810,       0.
 15073, 114.3530,  30.0360,       7.
 15074, 114.4420,  29.9950,      23.
 15075, 114.5250,  29.9660,      42.
 15076, 114.6010,  29.9560,      59.
 15077, 114.6620,  29.9500,      78.
 15078, 114.7090,  29.9350,      98.
 15079, 114.7480,  29.9130,     115.
 15080, 114.7760,  29.8810,     126.
 15081, 114.7910,  29.8370,     133.
 15082, 114.7960,  29.7860,     139.
 15083, 114.8000,  29.7280,     134.
 15084, 114.8110,  29.6610,     123.
 15085, 114.8250,  29.5850,     124.
 15086, 114.8310,  29.5080,     150.
 15087, 114.8180,  29.4380,     172.
 15088, 114.7900,  29.3720,     169.
 15089, 114.7500,  29.3050,     157.
 15090, 114.7010,  29.2440,     153.
 15091, 114.6480,  29.1920,     161.
 15092, 114.5990,  29.1420,     168.
 15093, 114.5590,  29.0880,     177.
 15094, 114.5280,  29.0340,     196.
 15095, 114.5040,  28.9840,     218.
 15096, 114.4870,  28.9330,     235.
 15097, 114.4770,  28.8780,     244.
 15098, 114.4710,  28.8240,     247.
 15099, 114.4660,  28.7750,     245.
 15100, 114.4650,  28.7340,     240.
 15101, 114.4630,  28.6910,     232.
 15102, 114.4590,  28.6410,     225.
 15103, 114.4530,  28.5840,     215.
 15104, 114.4550,  28.5240,     198.
 16000, 113.9460,  30.9000,      10.
 16061, 113.9030,  30.8250,       5.
 16062, 113.8730,  30.7380,       6.
 16063, 113.8710,  30.6580,       7.
 16064, 113.8900,  30.5840,       8.
 16065, 113.9200,  30.5200,       6.
 16066, 113.9560,  30.4650,       1.
 16067, 113.9990,  30.4190,       0.
 16068, 114.0560,  30.3760,       0.
 16069, 114.1300,  30.3340,       0.
 16070, 114.2160,  30.2920,       0.
 16071, 114.3080,  30.2510,       0.
 16072, 114.4050,  30.2160,       0.
 16073, 114.5070,  30.1820,       0.
 16074, 114.5990,  30.1530,       5.
 16075, 114.6720,  30.1350,      15.
 16076, 114.7330,  30.1330,      24.
 16077, 114.7830,  30.1340,      33.
 16078, 114.8270,  30.1200,      42.
 16079, 114.8670,  30.0920,      52.
 16080, 114.8980,  30.0530,      62.
 16081, 114.9140,  30.0060,      70.
 16082, 114.9200,  29.9520,      77.
 16083, 114.9270,  29.8920,      79.
 16084, 114.9540,  29.8250,      79.
 16085, 115.0160,  29.7470,      79.
 16086, 115.0700,  29.6700,      98.
 16087, 115.0950,  29.6040,     121.
 16088, 115.1040,  29.5460,     127.
 16089, 115.1070,  29.4980,     128.
 16090, 115.1060,  29.4620,     131.
 16091, 115.0990,  29.4390,     136.
 16092, 115.0890,  29.4170,     147.
 16093, 115.0750,  29.3870,     161.
 16094, 115.0550,  29.3490,     176.
 16095, 115.0300,  29.3070,     189.
 16096, 115.0010,  29.2630,     201.
 16097, 114.9740,  29.2160,     218.
 16098, 114.9530,  29.1690,     236.
 16099, 114.9310,  29.1280,     249.
 16100, 114.9070,  29.0970,     256.
 16101, 114.8820,  29.0680,     264.
 16102, 114.8570,  29.0320,     280.
 16103, 114.8320,  28.9900,     307.
 16104, 114.8060,  28.9420,     341.
 16105, 114.7850,  28.8880,     380.
 16106, 114.7680,  28.8270,     416.
 16107, 114.7550,  28.7670,     442.
 16108, 114.7440,  28.7120,     461.
 17000, 113.9460,  30.9000,      10.
 17065, 113.9790,  30.8240,       7.
 17066, 114.0080,  30.7620,       0.
 17067, 114.0440,  30.7130,       0.
 17068, 114.0980,  30.6650,       0.
 17069, 114.1770,  30.6130,       0.
 17070, 114.2740,  30.5590,       0.
 17071, 114.3770,  30.5100,       0.
 17072, 114.4840,  30.4700,       0.
 17073, 114.6020,  30.4340,       0.
 17074, 114.7170,  30.4010,       0.
 17075, 114.8150,  30.3800,       1.
 17076, 114.8980,  30.3720,       1.
 17077, 114.9710,  30.3590,       1.
 17078, 115.0420,  30.3320,       1.
 17079, 115.1140,  30.2940,       1.
 17080, 115.1890,  30.2460,       1.
 17081, 115.2660,  30.1890,       1.
 17082, 115.3420,  30.1290,       5.
 17083, 115.4090,  30.0600,      11.
 17084, 115.4640,  29.9750,      11.
 17085, 115.5150,  29.8730,      16.
 17086, 115.5520,  29.7550,      40.
 17087, 115.5790,  29.6410,      68.
 17088, 115.5990,  29.5410,      88.
 17089, 115.6150,  29.4560,     102.
 17090, 115.6260,  29.3810,     112.
 17091, 115.6290,  29.3180,     123.
 17092, 115.6270,  29.2600,     132.
 17093, 115.6180,  29.1990,     135.
 17094, 115.5930,  29.1290,     139.
 17095, 115.5500,  29.0540,     152.
 17096, 115.5010,  28.9760,     166.
 17097, 115.4570,  28.8970,     168.
 17098, 115.4170,  28.8210,     162.
 17099, 115.3770,  28.7490,     157.
 17100, 115.3360,  28.6840,     155.
 17101, 115.2910,  28.6220,     154.
 17102, 115.2410,  28.5510,     144.
 17103, 115.1920,  28.4650,     122.
 17104, 115.1540,  28.3640,      98.
 17105, 115.1290,  28.2370,      88.
 17106, 115.1070,  28.0890,      94.
 17107, 115.0900,  27.9490,     108.
 17108, 115.0900,  27.8220,     128.
 17109, 115.1110,  27.7020,     177.
 17110, 115.1230,  27.6070,     245.
 17111, 115.1110,  27.5300,     320.
 17112, 115.0780,  27.4620,     429.
 18000, 113.9460,  30.9000,      10.
 18069, 114.0040,  30.8390,       1.
 18070, 114.0900,  30.7780,       0.
 18071, 114.1940,  30.7160,       0.
 18072, 114.3010,  30.6620,       0.
 18073, 114.4080,  30.6180,       0.
 18074, 114.5130,  30.5830,       0.
 18075, 114.6060,  30.5590,       0.
 18076, 114.6920,  30.5480,       0.
 18077, 114.7680,  30.5370,       0.
 18078, 114.8300,  30.5110,       0.
 18079, 114.8790,  30.4700,       0.
 18080, 114.9140,  30.4180,       0.
 18081, 114.9230,  30.3640,       0.
 18082, 114.8980,  30.3090,       0.
 18083, 114.8530,  30.2610,       0.
 18084, 114.8060,  30.2260,       0.
 18085, 114.7420,  30.2090,       0.
 18086, 114.6630,  30.1900,       0.
 18087, 114.5880,  30.1470,       0.
 18088, 114.5190,  30.0880,       0.
 18089, 114.4560,  30.0230,       0.
 18090, 114.4060,  29.9590,       2.
 18091, 114.3730,  29.9000,       8.
 18092, 114.3560,  29.8430,      22.
 18093, 114.3500,  29.7800,      53.
 18094, 114.3580,  29.7120,     107.
 18095, 114.3740,  29.6390,     173.
 18096, 114.3920,  29.5640,     242.
 18097, 114.4140,  29.4870,     300.
 18098, 114.4280,  29.4120,     336.
 18099, 114.4260,  29.3420,     358.
 18100, 114.4070,  29.2750,     367.
 18101, 114.3780,  29.2070,     372.
 18102, 114.3390,  29.1380,     384.
 18103, 114.2880,  29.0660,     392.
 18104, 114.2270,  28.9890,     390.
 18105, 114.1670,  28.9120,     386.
 18106, 114.1050,  28.8430,     380.
 18107, 114.0290,  28.7920,     370.
 18108, 113.9410,  28.7560,     347.
 18109, 113.8430,  28.7260,     290.
 18110, 113.7410,  28.6870,     221.
 18111, 113.6540,  28.6270,     180.
 18112, 113.5900,  28.5490,     171.
 18113, 113.5380,  28.4640,     174.
 18114, 113.4950,  28.3760,     170.
 18115, 113.4670,  28.2910,     161.
 18116, 113.4590,  28.2160,     154.
 19000, 113.9460,  30.9000,      10.
 19073, 114.0490,  30.8500,       9.
 19074, 114.1470,  30.8110,       9.
 19075, 114.2310,  30.7830,       7.
 19076, 114.3060,  30.7660,       3.
 19077, 114.3630,  30.7460,       0.
 19078, 114.3850,  30.7100,       0.
 19079, 114.3710,  30.6600,       0.
 19080, 114.3330,  30.5970,       0.
 19081, 114.2850,  30.5180,       0.
 19082, 114.2250,  30.4210,       3.
 19083, 114.1540,  30.3120,       5.
 19084, 114.0840,  30.2000,       6.
 19085, 114.0250,  30.0920,       6.
 19086, 113.9750,  29.9920,       7.
 19087, 113.9220,  29.8950,      13.
 19088, 113.8690,  29.7950,      31.
 19089, 113.8230,  29.6920,      63.
 19090, 113.7900,  29.5950,     102.
 19091, 113.7710,  29.5120,     142.
 19092, 113.7590,  29.4290,     179.
 19093, 113.7440,  29.3360,     220.
 19094, 113.7330,  29.2340,     271.
 19095, 113.7290,  29.1200,     334.
 19096, 113.7300,  28.9880,     414.
 19097, 113.7260,  28.8580,     478.
 19098, 113.7140,  28.7490,     514.
 19099, 113.6860,  28.6560,     549.
 19100, 113.6460,  28.5720,     592.
 19101, 113.6040,  28.4770,     628.
 19102, 113.5670,  28.3560,     648.
 19103, 113.5390,  28.2160,     626.
 19104, 113.5050,  28.0750,     630.
 19105, 113.4570,  27.9390,     709.
 19106, 113.4160,  27.8160,     812.
 19107, 113.3710,  27.7090,     891.
 19108, 113.3090,  27.6230,     944.
 19109, 113.2440,  27.5580,    1003.
 19110, 113.1660,  27.5110,    1052.
 19111, 113.0620,  27.4720,    1074.
 19112, 112.9420,  27.4330,    1087.
 19113, 112.8080,  27.4010,    1117.
 19114, 112.6600,  27.3840,    1155.
 19115, 112.5110,  27.3790,    1170.
 19116, 112.3660,  27.3780,    1180.
 19117, 112.2260,  27.3860,    1198.
 19118, 112.0990,  27.3990,    1225.
 19119, 111.9850,  27.4160,    1261.
 19120, 111.8740,  27.4410,    1291.
 20000, 113.9460,  30.9000,      10.
 20077, 113.9670,  30.8340,       6.
 20078, 113.9660,  30.7540,       3.
 20079, 113.9460,  30.6620,       3.
 20080, 113.9140,  30.5630,       3.
 20081, 113.8740,  30.4470,       3.
 20082, 113.8170,  30.3180,       5.
 20083, 113.7450,  30.1860,       8.
 20084, 113.6720,  30.0600,      13.
 20085, 113.6040,  29.9340,      16.
 20086, 113.5370,  29.7980,      21.
 20087, 113.4630,  29.6490,      41.
 20088, 113.3980,  29.4960,      88.
 20089, 113.3520,  29.3380,     127.
 20090, 113.3300,  29.1770,     144.
 20091, 113.3350,  29.0180,     177.
 20092, 113.3520,  28.8520,     214.
 20093, 113.3650,  28.6840,     240.
 20094, 113.3710,  28.5280,     272.
 20095, 113.3690,  28.3780,     303.
 20096, 113.3670,  28.2340,     306.
 20097, 113.3640,  28.0950,     313.
 20098, 113.3450,  27.9580,     338.
 20099, 113.3080,  27.8250,     348.
 20100, 113.2670,  27.6960,     342.
 20101, 113.2200,  27.5710,     351.
 20102, 113.1470,  27.4380,     376.
 20103, 113.0440,  27.2820,     380.
 20104, 112.9380,  27.1260,     378.
 20105, 112.8400,  27.0030,     407.
 20106, 112.7440,  26.9070,     455.
 20107, 112.6590,  26.8280,     515.
 20108, 112.5710,  26.7630,     588.
 20109, 112.4670,  26.7160,     676.
 20110, 112.3420,  26.6690,     757.
 20111, 112.2150,  26.6140,     821.
 20112, 112.0770,  26.5550,     897.
 20113, 111.9330,  26.4950,     995.
 20114, 111.8000,  26.4510,    1099.
 20115, 111.6730,  26.4350,    1198.
 20116, 111.5330,  26.4430,    1292.
 20117, 111.3660,  26.4590,    1375.
 20118, 111.1580,  26.4740,    1441.
 20119, 110.8960,  26.4880,    1484.
 20120, 110.6200,  26.5040,    1454.
 20121, 110.3210,  26.5230,    1422.
 20122, 110.0850,  26.5350,    1417.
 20123, 109.8730,  26.5570,    1420.
 20124, 109.6890,  26.5940,    1425.
END
