  1000, 113.9420,  30.9070,      10.
  1001, 114.0920,  30.8240,      10.
  1002, 114.2290,  30.7470,      10.
  1003, 114.3520,  30.6860,      10.
  1004, 114.4530,  30.6530,       9.
  1005, 114.5480,  30.6350,       7.
  1006, 114.6580,  30.6200,       6.
  1007, 114.7790,  30.6070,       7.
  1008, 114.9190,  30.5860,      13.
  1009, 115.0890,  30.5440,      25.
  1010, 115.2720,  30.4990,      52.
  1011, 115.4530,  30.4290,     118.
  1012, 115.6160,  30.3260,     220.
  1013, 115.7630,  30.2100,     347.
  1014, 115.8640,  30.0520,     386.
  1015, 115.9570,  29.8390,     416.
  1016, 116.0440,  29.6160,     651.
  1017, 116.1250,  29.3900,     806.
  1018, 116.2170,  29.1490,     839.
  1019, 116.2950,  28.9120,     876.
  1020, 116.3560,  28.6750,     887.
  1021, 116.4040,  28.4420,     895.
  1022, 116.4580,  28.1960,     888.
  1023, 116.5440,  27.9390,     905.
  1024, 116.6420,  27.6990,     970.
  1025, 116.7350,  27.4900,    1086.
  1026, 116.8060,  27.3200,    1173.
  1027, 116.8550,  27.1450,    1223.
  1028, 116.8910,  26.9410,    1266.
  1029, 116.9240,  26.7110,    1349.
  1030, 116.9720,  26.4590,    1389.
  1031, 117.0550,  26.1780,    1377.
  1032, 117.1720,  25.8920,    1498.
  1033, 117.2780,  25.6270,    1595.
  1034, 117.4110,  25.3950,    1619.
  1035, 117.5590,  25.2080,    1627.
  1036, 117.6640,  25.0550,    1697.
  1037, 117.7220,  24.9230,    1817.
  1038, 117.7920,  24.8210,    1870.
  1039, 117.9130,  24.7380,    1861.
  1040, 118.0520,  24.6650,    1891.
  1041, 118.1910,  24.6110,    1941.
  1042, 118.3330,  24.5770,    1953.
  1043, 118.4760,  24.5570,    1914.
  1044, 118.6210,  24.5540,    1826.
  1045, 118.7860,  24.5730,    1718.
  1046, 118.9760,  24.6020,    1629.
  1047, 119.1700,  24.6320,    1588.
  1048, 119.3530,  24.6610,    1572.
  2000, 113.9420,  30.9070,      10.
  2005, 114.1080,  30.8490,      11.
  2006, 114.2540,  30.8160,      13.
  2007, 114.3870,  30.7940,      17.
  2008, 114.5300,  30.7550,      24.
  2009, 114.7100,  30.6890,      34.
  2010, 114.9400,  30.5930,      52.
  2011, 115.1770,  30.4590,      71.
  2012, 115.3840,  30.2970,     112.
  2013, 115.5770,  30.1380,     175.
  2014, 115.7150,  30.0010,     169.
  2015, 115.8230,  29.8720,     137.
  2016, 115.9170,  29.6920,     238.
  2017, 116.0120,  29.5220,     437.
  2018, 116.1060,  29.3380,     556.
  2019, 116.2270,  29.1230,     572.
  2020, 116.3490,  28.9170,     588.
  2021, 116.4780,  28.7370,     585.
  2022, 116.5960,  28.5820,     584.
  2023, 116.7100,  28.4440,     601.
  2024, 116.8190,  28.3210,     641.
  2025, 116.9170,  28.2020,     691.
  2026, 117.0130,  28.0700,     771.
  2027, 117.1170,  27.8930,     942.
  2028, 117.2750,  27.5950,    1169.
  2029, 117.4420,  27.2890,    1355.
  2030, 117.6070,  27.0070,    1471.
  2031, 117.7850,  26.7250,    1534.
  2032, 117.9950,  26.4560,    1533.
  2033, 118.2300,  26.2170,    1569.
  2034, 118.4420,  26.0110,    1630.
  2035, 118.5980,  25.8390,    1737.
  2036, 118.8010,  25.7050,    1801.
  2037, 119.0890,  25.6310,    1810.
  2038, 119.4780,  25.6650,    1791.
  2039, 119.8740,  25.7360,    1784.
  2040, 120.2840,  25.7870,    1763.
  2041, 120.6990,  25.8120,    1809.
  2042, 121.1020,  25.8240,    1902.
  2043, 121.4730,  25.8250,    1963.
  2044, 121.8030,  25.8240,    2024.
  2045, 122.0980,  25.8370,    1997.
  2046, 122.3920,  25.8670,    2028.
  2047, 122.6660,  25.9160,    2118.
  2048, 122.9280,  25.9830,    2086.
  2049, 123.1900,  26.0630,    2087.
  2050, 123.4490,  26.1360,    2098.
  2051, 123.6960,  26.1960,    2121.
  2052, 123.9290,  26.2450,    2139.
  3000, 113.9420,  30.9070,      10.
  3009, 114.1210,  30.8840,      12.
  3010, 114.3000,  30.8510,      14.
  3011, 114.4670,  30.7850,      11.
  3012, 114.6150,  30.6800,       8.
  3013, 114.7400,  30.5410,       8.
  3014, 114.8650,  30.3910,      12.
  3015, 115.0250,  30.2290,      34.
  3016, 115.2220,  30.0110,      50.
  3017, 115.4170,  29.7700,     129.
  3018, 115.6320,  29.5220,     182.
  3019, 115.8340,  29.3240,     174.
  3020, 116.0140,  29.1750,     131.
  3021, 116.1810,  29.0240,     124.
  3022, 116.3710,  28.8660,     129.
  3023, 116.5790,  28.7190,     137.
  3024, 116.8290,  28.5760,     174.
  3025, 117.1860,  28.4440,     276.
  3026, 117.5010,  28.3490,     317.
  3027, 117.7340,  28.2690,     364.
  3028, 117.8900,  28.1460,     455.
  3029, 117.9920,  27.9470,     710.
  3030, 118.0850,  27.7340,     845.
  3031, 118.2150,  27.5750,     787.
  3032, 118.4010,  27.4370,     786.
  3033, 118.6490,  27.2860,     936.
  3034, 118.9690,  27.1180,    1066.
  3035, 119.3650,  26.9530,    1280.
  3036, 119.7040,  26.8880,    1210.
  3037, 120.0600,  26.8760,    1176.
  3038, 120.4120,  26.9010,    1090.
  3039, 120.7560,  26.9020,    1052.
  3040, 121.0920,  26.8640,    1086.
  3041, 121.4420,  26.8010,    1095.
  3042, 121.8230,  26.7330,    1121.
  3043, 122.2070,  26.6540,    1233.
  3044, 122.5920,  26.5760,    1322.
  3045, 122.9790,  26.5240,    1418.
  3046, 123.3630,  26.4940,    1484.
  3047, 123.7560,  26.4770,    1478.
  3048, 124.1430,  26.4690,    1480.
  3049, 124.5220,  26.4570,    1516.
  3050, 124.9050,  26.4410,    1594.
  3051, 125.2790,  26.4290,    1678.
  3052, 125.6520,  26.4090,    1790.
  3053, 126.0240,  26.3970,    1844.
  3054, 126.3960,  26.4000,    1903.
  3055, 126.7650,  26.4230,    1962.
  3056, 127.1230,  26.4580,    2017.
  4000, 113.9420,  30.9070,      10.
  4013, 114.0340,  30.8070,      10.
  4014, 114.0990,  30.6900,       8.
  4015, 114.1830,  30.5760,       9.
  4016, 114.3100,  30.4560,      12.
  4017, 114.4540,  30.3310,       8.
  4018, 114.6130,  30.2200,      16.
  4019, 114.7620,  30.0980,      66.
  4020, 114.8940,  29.9690,     139.
  4021, 115.0260,  29.8370,     176.
  4022, 115.1680,  29.7000,     212.
  4023, 115.3570,  29.5250,     247.
  4024, 115.5480,  29.3200,     209.
  4025, 115.6970,  29.1150,     178.
  4026, 115.8030,  28.9090,     159.
  4027, 115.9190,  28.7120,     133.
  4028, 116.1040,  28.4580,     129.
  4029, 116.3430,  28.1700,     152.
  4030, 116.6190,  27.8800,     268.
  4031, 116.9620,  27.5980,     628.
  4032, 117.3550,  27.3140,     950.
  4033, 117.6610,  27.0840,    1096.
  4034, 117.8570,  26.8950,    1125.
  4035, 118.0880,  26.7150,    1194.
  4036, 118.3580,  26.5500,    1223.
  4037, 118.5880,  26.4520,    1219.
  4038, 118.9060,  26.3870,    1281.
  4039, 119.3200,  26.3740,    1337.
  4040, 119.7350,  26.4200,    1340.
  4041, 120.1240,  26.4630,    1320.
  4042, 120.5280,  26.4860,    1247.
  4043, 120.9520,  26.4730,    1244.
  4044, 121.3760,  26.4280,    1297.
  4045, 121.7980,  26.3770,    1298.
  4046, 122.2150,  26.3320,    1400.
  4047, 122.6180,  26.2980,    1408.
  4048, 123.0110,  26.2780,    1427.
  4049, 123.3970,  26.2640,    1442.
  4050, 123.7820,  26.2550,    1448.
  4051, 124.1630,  26.2470,    1430.
  4052, 124.5590,  26.2340,    1461.
  4053, 124.9620,  26.2190,    1477.
  4054, 125.3710,  26.2210,    1523.
  4055, 125.7820,  26.2420,    1568.
  4056, 126.1890,  26.2630,    1628.
  4057, 126.5730,  26.2780,    1707.
  4058, 126.9390,  26.2950,    1784.
  4059, 127.2880,  26.3100,    1873.
  4060, 127.6190,  26.3210,    1908.
  5000, 113.9420,  30.9070,      10.
  5017, 114.0720,  30.8190,       9.
  5018, 114.2120,  30.7210,       8.
  5019, 114.3870,  30.5950,       8.
  5020, 114.5900,  30.4600,      10.
  5021, 114.8010,  30.3380,      22.
  5022, 115.0270,  30.1990,      47.
  5023, 115.2490,  30.0560,      65.
  5024, 115.4550,  29.9330,      71.
  5025, 115.6160,  29.7910,     103.
  5026, 115.7240,  29.6110,     133.
  5027, 115.8670,  29.3950,     168.
  5028, 115.9900,  29.1960,     150.
  5029, 116.0930,  28.9370,     138.
  5030, 116.2060,  28.6320,     124.
  5031, 116.3830,  28.2730,     174.
  5032, 116.6570,  27.9350,     329.
  5033, 117.0310,  27.6260,     742.
  5034, 117.4810,  27.3990,    1025.
  5035, 117.8050,  27.2530,    1112.
  5036, 118.0660,  27.1240,    1119.
  5037, 118.2920,  27.0340,    1218.
  5038, 118.5190,  26.9760,    1327.
  5039, 118.8080,  26.8760,    1423.
  5040, 119.1260,  26.7560,    1496.
  5041, 119.4660,  26.6790,    1648.
  5042, 119.8420,  26.6760,    1695.
  5043, 120.2340,  26.7030,    1650.
  5044, 120.6150,  26.7380,    1596.
  5045, 120.9960,  26.7450,    1641.
  5046, 121.3890,  26.7300,    1652.
  5047, 121.7880,  26.7230,    1653.
  5048, 122.1710,  26.7330,    1752.
  5049, 122.5340,  26.7590,    1790.
  5050, 122.8900,  26.7750,    1751.
  5051, 123.2580,  26.7730,    1717.
  5052, 123.6430,  26.7660,    1757.
  5053, 124.0150,  26.7730,    1844.
  5054, 124.3760,  26.7800,    1825.
  5055, 124.7460,  26.7830,    1837.
  5056, 125.1240,  26.7890,    1870.
  5057, 125.4910,  26.7980,    1938.
  5058, 125.8470,  26.8100,    1980.
  5059, 126.1950,  26.8230,    2021.
  5060, 126.5330,  26.8280,    2016.
  5061, 126.8630,  26.8180,    1946.
  5062, 127.1940,  26.8100,    1843.
  5063, 127.5430,  26.8200,    1763.
  5064, 127.9040,  26.8390,    1833.
  6000, 113.9420,  30.9070,      10.
  6021, 114.1360,  30.8590,      11.
  6022, 114.3460,  30.7860,      10.
  6023, 114.5760,  30.6760,      10.
  6024, 114.8020,  30.5540,      11.
  6025, 115.0210,  30.4060,      16.
  6026, 115.2330,  30.2550,      28.
  6027, 115.4390,  30.1170,      47.
  6028, 115.6160,  29.9770,      57.
  6029, 115.7370,  29.8570,      70.
  6030, 115.8290,  29.6790,     120.
  6031, 115.9070,  29.4710,     168.
  6032, 115.9630,  29.2370,     117.
  6033, 116.0160,  28.9720,      92.
  6034, 116.1040,  28.6710,     112.
  6035, 116.2700,  28.3560,     153.
  6036, 116.4950,  28.0280,     230.
  6037, 116.7880,  27.7180,     474.
  6038, 117.1550,  27.4550,     816.
  6039, 117.5010,  27.2670,    1074.
  6040, 117.7760,  27.1400,    1173.
  6041, 118.0340,  27.0240,    1136.
  6042, 118.2620,  26.9310,    1074.
  6043, 118.5180,  26.8570,    1153.
  6044, 118.8450,  26.7670,    1200.
  6045, 119.2180,  26.6920,    1251.
  6046, 119.6250,  26.6980,    1200.
  6047, 120.0280,  26.7720,    1100.
  6048, 120.4070,  26.8510,    1002.
  6049, 120.7620,  26.8990,     969.
  6050, 121.1180,  26.9050,     945.
  6051, 121.4980,  26.8790,     883.
  6052, 121.8880,  26.8290,     891.
  6053, 122.2750,  26.7610,     901.
  6054, 122.6690,  26.6870,     926.
  6055, 123.0610,  26.6220,     964.
  6056, 123.4630,  26.5710,     961.
  6057, 123.8710,  26.5370,     952.
  6058, 124.2810,  26.5210,     939.
  6059, 124.6850,  26.5070,    1017.
  6060, 125.0700,  26.4880,    1091.
  6061, 125.4330,  26.4640,    1129.
  6062, 125.7870,  26.4430,    1090.
  6063, 126.1470,  26.4360,    1100.
  6064, 126.5010,  26.4380,    1133.
  6065, 126.8550,  26.4480,    1134.
  6066, 127.2110,  26.4630,    1166.
  6067, 127.5530,  26.4870,    1231.
  6068, 127.8840,  26.5170,    1249.
  7000, 113.9420,  30.9070,      10.
  7025, 114.0930,  30.8760,      15.
  7026, 114.2420,  30.8260,      18.
  7027, 114.4220,  30.7450,      18.
  7028, 114.6380,  30.6420,      20.
  7029, 114.8830,  30.5200,      26.
  7030, 115.1210,  30.3690,      42.
  7031, 115.3310,  30.2070,      59.
  7032, 115.5010,  30.0460,      69.
  7033, 115.6440,  29.9140,      60.
  7034, 115.7690,  29.8130,      48.
  7035, 115.8770,  29.7020,      69.
  7036, 115.9970,  29.5530,     126.
  7037, 116.1180,  29.4070,     153.
  7038, 116.2820,  29.2580,     181.
  7039, 116.4580,  29.1290,     190.
  7040, 116.6320,  28.9960,     163.
  7041, 116.8240,  28.8650,     170.
  7042, 117.0550,  28.7380,     245.
  7043, 117.3310,  28.6190,     294.
  7044, 117.6520,  28.5570,     464.
  7045, 117.9610,  28.5130,     680.
  7046, 118.2080,  28.4450,     645.
  7047, 118.3550,  28.3310,     688.
  7048, 118.4720,  28.1940,     806.
  7049, 118.6220,  28.0580,     902.
  7050, 118.8110,  27.9390,    1010.
  7051, 119.0340,  27.8100,    1113.
  7052, 119.3710,  27.6130,    1174.
  7053, 119.7730,  27.4510,    1229.
  7054, 120.1660,  27.3790,    1234.
  7055, 120.4970,  27.3730,    1043.
  7056, 120.8160,  27.3720,     847.
  7057, 121.1580,  27.3510,     816.
  7058, 121.5280,  27.3130,     755.
  7059, 121.9170,  27.2630,     726.
  7060, 122.3090,  27.2050,     727.
  7061, 122.6890,  27.1310,     798.
  7062, 123.0540,  27.0400,     862.
  7063, 123.4060,  26.9480,     919.
  7064, 123.7630,  26.8590,     959.
  7065, 124.1390,  26.7770,     965.
  7066, 124.5170,  26.7100,     995.
  7067, 124.8990,  26.6590,     996.
  7068, 125.2820,  26.6240,     968.
  7069, 125.6620,  26.6040,     931.
  7070, 126.0360,  26.5870,     937.
  7071, 126.3920,  26.5720,    1002.
  7072, 126.7350,  26.5770,    1080.
  8000, 113.9420,  30.9070,      10.
  8029, 114.1390,  30.8170,      11.
  8030, 114.3410,  30.6960,      10.
  8031, 114.5480,  30.5530,      11.
  8032, 114.7630,  30.4000,      18.
  8033, 114.9920,  30.2200,      53.
  8034, 115.2170,  30.0140,     106.
  8035, 115.4390,  29.7920,     183.
  8036, 115.6870,  29.5560,     250.
  8037, 115.9300,  29.3720,     314.
  8038, 116.1560,  29.2050,     358.
  8039, 116.3700,  29.0540,     394.
  8040, 116.5710,  28.9170,     374.
  8041, 116.7820,  28.7880,     390.
  8042, 117.0380,  28.6600,     449.
  8043, 117.3560,  28.5430,     517.
  8044, 117.7170,  28.4550,     767.
  8045, 117.9730,  28.3210,     857.
  8046, 118.1360,  28.1250,     929.
  8047, 118.3240,  27.8760,    1069.
  8048, 118.5990,  27.6720,    1141.
  8049, 118.9360,  27.4880,    1223.
  8050, 119.2490,  27.3020,    1365.
  8051, 119.5790,  27.1620,    1405.
  8052, 119.9850,  27.0990,    1416.
  8053, 120.3570,  27.1000,    1444.
  8054, 120.6630,  27.1310,    1298.
  8055, 120.9690,  27.1410,    1227.
  8056, 121.2950,  27.1220,    1280.
  8057, 121.6370,  27.0920,    1306.
  8058, 121.9920,  27.0540,    1304.
  8059, 122.3400,  27.0060,    1267.
  8060, 122.6830,  26.9460,    1270.
  8061, 123.0200,  26.8720,    1305.
  8062, 123.3540,  26.7920,    1334.
  8063, 123.6840,  26.7110,    1303.
  8064, 124.0200,  26.6270,    1251.
  8065, 124.3720,  26.5540,    1253.
  8066, 124.7290,  26.5010,    1297.
  8067, 125.0910,  26.4600,    1329.
  8068, 125.4480,  26.4240,    1310.
  8069, 125.8020,  26.3970,    1260.
  8070, 126.1520,  26.3740,    1256.
  8071, 126.4800,  26.3660,    1267.
  8072, 126.7980,  26.3840,    1329.
  8073, 127.1000,  26.4310,    1485.
  8074, 127.3680,  26.5010,    1591.
  8075, 127.6080,  26.5830,    1636.
  8076, 127.8160,  26.6820,    1707.
  9000, 113.9420,  30.9070,      10.
  9033, 114.1310,  30.7470,       9.
  9034, 114.3450,  30.5820,       9.
  9035, 114.5820,  30.4120,      11.
  9036, 114.8320,  30.2280,      51.
  9037, 115.1010,  29.9880,     143.
  9038, 115.3770,  29.7240,     305.
  9039, 115.6710,  29.4840,     439.
  9040, 115.9270,  29.3100,     593.
  9041, 116.1540,  29.1560,     751.
  9042, 116.3760,  29.0100,     798.
  9043, 116.5930,  28.8800,     722.
  9044, 116.8220,  28.7540,     702.
  9045, 117.0510,  28.6200,     722.
  9046, 117.2660,  28.4720,     798.
  9047, 117.4450,  28.3210,     868.
  9048, 117.5770,  28.1730,     911.
  9049, 117.6770,  28.0370,     972.
  9050, 117.7520,  27.9260,    1068.
  9051, 117.8840,  27.7590,    1187.
  9052, 118.0910,  27.5390,    1206.
  9053, 118.3850,  27.3290,    1145.
  9054, 118.7460,  27.1350,    1205.
  9055, 119.1240,  26.9720,    1443.
  9056, 119.4920,  26.8690,    1768.
  9057, 119.8820,  26.8060,    1776.
  9058, 120.2740,  26.7830,    1826.
  9059, 120.6350,  26.8100,    1715.
  9060, 120.9870,  26.8230,    1655.
  9061, 121.3330,  26.8060,    1634.
  9062, 121.6650,  26.7780,    1645.
  9063, 122.0160,  26.7340,    1675.
  9064, 122.3850,  26.6810,    1757.
  9065, 122.7170,  26.6390,    1780.
  9066, 123.0410,  26.6180,    1749.
  9067, 123.4080,  26.6310,    1746.
  9068, 123.7910,  26.6530,    1767.
  9069, 124.1510,  26.6690,    1807.
  9070, 124.4840,  26.6800,    1928.
  9071, 124.7520,  26.6750,    1998.
  9072, 124.9750,  26.6470,    1950.
  9073, 125.1930,  26.5970,    1869.
  9074, 125.4200,  26.5340,    1850.
  9075, 125.6500,  26.4620,    1854.
  9076, 125.8810,  26.3750,    1824.
  9077, 126.1040,  26.3080,    1808.
  9078, 126.3110,  26.2970,    1795.
  9079, 126.4940,  26.3300,    1750.
  9080, 126.6440,  26.3880,    1703.
 10000, 113.9420,  30.9070,      10.
 10037, 114.1580,  30.7370,       9.
 10038, 114.3950,  30.5540,      10.
 10039, 114.6410,  30.3660,      17.
 10040, 114.9170,  30.1580,      67.
 10041, 115.2000,  29.9270,      98.
 10042, 115.4580,  29.6840,     217.
 10043, 115.6790,  29.4710,     246.
 10044, 115.8610,  29.3200,     262.
 10045, 116.0290,  29.2200,     278.
 10046, 116.2000,  29.1240,     266.
 10047, 116.3780,  29.0260,     237.
 10048, 116.5790,  28.9330,     211.
 10049, 116.8210,  28.8390,     202.
 10050, 117.0730,  28.7430,     247.
 10051, 117.3640,  28.6430,     345.
 10052, 117.6860,  28.5770,     467.
 10053, 117.9890,  28.5090,     579.
 10054, 118.1970,  28.4230,     516.
 10055, 118.3230,  28.2730,     668.
 10056, 118.5060,  28.0790,     869.
 10057, 118.7440,  27.9200,     979.
 10058, 119.0350,  27.7630,    1199.
 10059, 119.3280,  27.5890,    1350.
 10060, 119.5900,  27.4430,    1410.
 10061, 119.8710,  27.3570,    1403.
 10062, 120.2070,  27.3090,    1361.
 10063, 120.6080,  27.2670,    1306.
 10064, 121.0090,  27.2160,    1191.
 10065, 121.4150,  27.1420,    1070.
 10066, 121.8430,  27.0690,    1032.
 10067, 122.3070,  27.0070,    1065.
 10068, 122.7680,  26.9460,    1080.
 10069, 123.2170,  26.8910,    1123.
 10070, 123.6350,  26.8360,    1106.
 10071, 124.0440,  26.7720,    1033.
 10072, 124.4200,  26.7090,    1045.
 10073, 124.7550,  26.6570,    1019.
 10074, 125.0830,  26.6160,    1038.
 10075, 125.3910,  26.5870,    1102.
 10076, 125.6730,  26.5670,    1145.
 10077, 125.9380,  26.5680,    1144.
 10078, 126.1790,  26.6020,    1148.
 10079, 126.3960,  26.6550,    1093.
 10080, 126.6050,  26.7060,    1023.
 10081, 126.8130,  26.7360,    1033.
 10082, 127.0100,  26.7590,    1097.
 10083, 127.1780,  26.7760,    1176.
 10084, 127.3160,  26.7770,    1138.
 11000, 113.9420,  30.9070,      10.
 11041, 114.1600,  30.7130,      10.
 11042, 114.3860,  30.5360,      11.
 11043, 114.6310,  30.3680,      14.
 11044, 114.9010,  30.1990,      49.
 11045, 115.1640,  30.0240,      75.
 11046, 115.3810,  29.8810,      99.
 11047, 115.5470,  29.7650,     146.
 11048, 115.6690,  29.6910,     146.
 11049, 115.7970,  29.6470,     109.
 11050, 115.9220,  29.5970,     105.
 11051, 116.0370,  29.5360,     130.
 11052, 116.1960,  29.4660,     164.
 11053, 116.4560,  29.3880,     180.
 11054, 116.7530,  29.3430,     163.
 11055, 117.0850,  29.3140,     251.
 11056, 117.4750,  29.2690,     337.
 11057, 117.8920,  29.2130,     468.
 11058, 118.2100,  29.1400,     707.
 11059, 118.4980,  29.0860,     684.
 11060, 118.7840,  29.0540,     766.
 11061, 119.0410,  28.9730,     858.
 11062, 119.2630,  28.7610,    1072.
 11063, 119.4760,  28.4770,    1313.
 11064, 119.7190,  28.2240,    1426.
 11065, 119.9530,  28.0010,    1522.
 11066, 120.2160,  27.8280,    1571.
 11067, 120.5770,  27.7260,    1490.
 11068, 120.9750,  27.6750,    1245.
 11069, 121.3950,  27.6130,    1115.
 11070, 121.8480,  27.5570,    1025.
 11071, 122.2710,  27.4870,     969.
 11072, 122.6920,  27.3780,     918.
 11073, 123.1230,  27.2690,     821.
 11074, 123.5330,  27.1510,     806.
 11075, 123.9240,  27.0500,     742.
 11076, 124.2740,  26.9510,     709.
 11077, 124.5870,  26.8720,     674.
 11078, 124.8850,  26.8350,     621.
 11079, 125.1700,  26.8390,     671.
 11080, 125.4160,  26.8670,     754.
 11081, 125.6320,  26.9010,     784.
 11082, 125.8290,  26.9310,     808.
 11083, 126.0130,  26.9400,     832.
 11084, 126.1890,  26.9180,     832.
 11085, 126.3640,  26.8660,     792.
 11086, 126.5350,  26.7980,     768.
 11087, 126.6970,  26.7340,     739.
 11088, 126.8610,  26.6770,     722.
 12000, 113.9420,  30.9070,      10.
 12045, 114.1820,  30.7850,      10.
 12046, 114.4420,  30.6760,      10.
 12047, 114.6890,  30.5840,      10.
 12048, 114.9070,  30.5130,      11.
 12049, 115.0690,  30.4820,      12.
 12050, 115.1940,  30.4690,      12.
 12051, 115.3010,  30.4500,      19.
 12052, 115.4110,  30.4180,      49.
 12053, 115.5320,  30.3840,      94.
 12054, 115.6670,  30.3460,     148.
 12055, 115.8060,  30.3100,     210.
 12056, 115.9550,  30.3050,     223.
 12057, 116.1060,  30.3340,     189.
 12058, 116.2410,  30.3860,     168.
 12059, 116.3770,  30.4590,     150.
 12060, 116.5270,  30.5440,     111.
 12061, 116.6610,  30.5870,      82.
 12062, 116.8010,  30.5970,      57.
 12063, 116.9470,  30.6050,      42.
 12064, 117.0730,  30.6260,      42.
 12065, 117.1820,  30.6520,      44.
 12066, 117.2880,  30.6770,      45.
 12067, 117.3970,  30.7070,      45.
 12068, 117.5210,  30.7380,      47.
 12069, 117.6680,  30.7490,      60.
 12070, 117.8190,  30.7340,      80.
 12071, 117.9620,  30.7180,     102.
 12072, 118.0960,  30.6960,     123.
 12073, 118.2100,  30.6660,     132.
 12074, 118.3080,  30.6230,     145.
 12075, 118.3910,  30.5610,     189.
 12076, 118.4550,  30.4770,     259.
 12077, 118.5140,  30.3820,     324.
 12078, 118.5870,  30.2720,     367.
 12079, 118.6880,  30.1670,     395.
 12080, 118.8580,  30.0770,     488.
 12081, 119.1140,  29.9700,     487.
 12082, 119.3910,  29.8300,     431.
 12083, 119.6120,  29.7160,     370.
 12084, 119.8530,  29.6240,     390.
 12085, 120.1210,  29.5450,     339.
 12086, 120.4020,  29.4680,     415.
 12087, 120.7580,  29.3880,     415.
 12088, 121.0530,  29.3260,     398.
 12089, 121.2770,  29.2220,     435.
 12090, 121.4490,  29.1050,     359.
 12091, 121.6090,  29.0100,     232.
 12092, 121.7410,  28.9310,     123.
 13000, 113.9420,  30.9070,      10.
 13049, 114.1330,  30.8790,      10.
 13050, 114.3050,  30.8650,      11.
 13051, 114.4520,  30.8440,      11.
 13052, 114.5790,  30.8020,      12.
 13053, 114.7000,  30.7490,      12.
 13054, 114.8170,  30.7050,      14.
 13055, 114.9370,  30.6790,      31.
 13056, 115.0670,  30.6620,      66.
 13057, 115.2020,  30.6520,      94.
 13058, 115.3460,  30.6540,     117.
 13059, 115.5130,  30.6450,     192.
 13060, 115.6870,  30.6070,     294.
 13061, 115.8580,  30.5630,     413.
 13062, 116.0300,  30.5210,     479.
 13063, 116.2040,  30.4960,     484.
 13064, 116.3740,  30.4900,     426.
 13065, 116.5280,  30.5080,     365.
 13066, 116.6680,  30.5470,     336.
 13067, 116.7930,  30.5940,     345.
 13068, 116.9110,  30.6440,     363.
 13069, 117.0240,  30.6830,     363.
 13070, 117.1370,  30.7130,     358.
 13071, 117.2570,  30.7370,     348.
 13072, 117.3800,  30.7480,     327.
 13073, 117.5050,  30.7470,     293.
 13074, 117.6360,  30.7300,     259.
 13075, 117.7570,  30.6730,     244.
 13076, 117.8520,  30.5840,     268.
 13077, 117.9220,  30.4920,     323.
 13078, 117.9920,  30.4010,     344.
 13079, 118.0660,  30.3110,     337.
 13080, 118.1530,  30.2140,     385.
 13081, 118.3380,  30.0960,     543.
 13082, 118.6450,  29.9840,     640.
 13083, 119.0050,  29.8860,     726.
 13084, 119.3610,  29.7910,     655.
 13085, 119.6940,  29.7100,     600.
 13086, 120.1090,  29.5760,     648.
 13087, 120.5920,  29.4290,     820.
 13088, 121.0030,  29.2540,     750.
 13089, 121.3110,  29.0650,     736.
 13090, 121.5630,  28.8610,     687.
 13091, 121.7680,  28.6350,     577.
 13092, 121.9400,  28.3890,     622.
 13093, 122.1130,  28.1870,     796.
 13094, 122.2880,  28.0010,     796.
 13095, 122.4140,  27.8360,     722.
 13096, 122.4970,  27.7140,     604.
 14000, 113.9420,  30.9070,      10.
 14053, 114.0770,  30.9050,      13.
 14054, 114.2140,  30.8950,      18.
 14055, 114.3430,  30.8740,      23.
 14056, 114.4630,  30.8470,      25.
 14057, 114.5830,  30.8210,      25.
 14058, 114.7050,  30.8060,      25.
 14059, 114.8200,  30.7890,      29.
 14060, 114.9290,  30.7510,      43.
 14061, 115.0410,  30.6840,      50.
 14062, 115.1610,  30.6020,      45.
 14063, 115.2800,  30.5250,      43.
 14064, 115.4060,  30.4410,      55.
 14065, 115.5510,  30.3470,      93.
 14066, 115.7080,  30.2740,     150.
 14067, 115.8590,  30.2340,     200.
 14068, 116.0110,  30.2270,     162.
 14069, 116.1520,  30.2570,     113.
 14070, 116.2800,  30.3190,      80.
 14071, 116.3850,  30.3860,      64.
 14072, 116.4910,  30.4590,      45.
 14073, 116.5900,  30.5290,      14.
 14074, 116.6650,  30.5890,       1.
 14075, 116.7320,  30.6550,       0.
 14076, 116.7990,  30.7290,       0.
 14077, 116.8580,  30.8040,       3.
 14078, 116.9050,  30.8760,      22.
 14079, 116.9550,  30.9510,      53.
 14080, 117.0330,  31.0230,      65.
 14081, 117.1850,  31.0570,      48.
 14082, 117.4130,  31.0480,      45.
 14083, 117.6940,  31.0140,      55.
 14084, 118.0600,  30.9600,     125.
 14085, 118.4060,  30.8940,     190.
 14086, 118.7200,  30.7800,     376.
 14087, 118.9880,  30.6080,     519.
 14088, 119.2500,  30.4110,     642.
 14089, 119.5350,  30.2480,     644.
 14090, 119.7970,  30.0770,     656.
 14091, 120.0570,  29.8380,     804.
 14092, 120.3630,  29.5970,    1152.
 14093, 120.6670,  29.3540,    1431.
 14094, 120.8860,  29.0790,    1719.
 14095, 121.0850,  28.8190,    2066.
 14096, 121.2650,  28.5860,    2157.
 14097, 121.4720,  28.3750,    2118.
 14098, 121.6780,  28.1780,    2057.
 14099, 121.8650,  27.9900,    2076.
 14100, 122.0340,  27.8220,    2023.
 15000, 113.9420,  30.9070,      10.
 15057, 114.0860,  30.9090,      11.
 15058, 114.2220,  30.9130,      15.
 15059, 114.3500,  30.9050,      19.
 15060, 114.4720,  30.8770,      15.
 15061, 114.5940,  30.8280,       8.
 15062, 114.7130,  30.7610,       7.
 15063, 114.8300,  30.6920,      12.
 15064, 114.9450,  30.6220,      16.
 15065, 115.0570,  30.5320,      16.
 15066, 115.1820,  30.4290,      20.
 15067, 115.3250,  30.3180,      28.
 15068, 115.4720,  30.2150,      46.
 15069, 115.6200,  30.1440,      59.
 15070, 115.7800,  30.1120,      72.
 15071, 115.9320,  30.1240,      75.
 15072, 116.0620,  30.1710,      66.
 15073, 116.1770,  30.2430,      61.
 15074, 116.2770,  30.3270,      58.
 15075, 116.3590,  30.4000,      50.
 15076, 116.4430,  30.4800,      40.
 15077, 116.5320,  30.5760,      40.
 15078, 116.6060,  30.6680,      62.
 15079, 116.6860,  30.7740,      88.
 15080, 116.7820,  30.8760,      95.
 15081, 116.8890,  30.9430,      86.
 15082, 117.0130,  30.9900,      52.
 15083, 117.1670,  31.0190,      34.
 15084, 117.3850,  31.0190,      44.
 15085, 117.6530,  31.0050,      62.
 15086, 118.0100,  30.9820,     100.
 15087, 118.3920,  30.9370,     135.
 15088, 118.7320,  30.8680,     231.
 15089, 119.0200,  30.7670,     334.
 15090, 119.3080,  30.6380,     683.
 15091, 119.6270,  30.4470,     960.
 15092, 119.8650,  30.2380,    1215.
 15093, 120.0850,  30.0100,    1283.
 15094, 120.2890,  29.7500,    1477.
 15095, 120.4650,  29.5000,    1577.
 15096, 120.6240,  29.2540,    1646.
 15097, 120.7420,  28.9880,    1862.
 15098, 120.7840,  28.7220,    1980.
 15099, 120.8140,  28.4570,    1957.
 15100, 120.8490,  28.1930,    1951.
 15101, 120.9200,  27.9430,    1978.
 15102, 121.0010,  27.7140,    2006.
 15103, 121.0050,  27.5110,    2073.
 15104, 120.9200,  27.3520,    2135.
 16000, 113.9420,  30.9070,      10.
 16061, 114.0660,  30.9070,      10.
 16062, 114.1880,  30.8940,      11.
 16063, 114.3210,  30.8690,      12.
 16064, 114.4600,  30.8320,      11.
 16065, 114.5920,  30.7850,      12.
 16066, 114.7020,  30.7310,      15.
 16067, 114.8050,  30.6580,      14.
 16068, 114.9200,  30.5720,      11.
 16069, 115.0320,  30.4740,      10.
 16070, 115.1350,  30.3790,      13.
 16071, 115.2310,  30.2950,      15.
 16072, 115.3210,  30.2340,      15.
 16073, 115.3940,  30.2090,      13.
 16074, 115.4570,  30.2010,      14.
 16075, 115.5210,  30.2020,      22.
 16076, 115.5960,  30.2100,      48.
 16077, 115.6850,  30.2120,      88.
 16078, 115.7870,  30.1980,     126.
 16079, 115.8950,  30.1690,     134.
 16080, 116.0050,  30.1400,     114.
 16081, 116.1180,  30.1350,      84.
 16082, 116.2360,  30.1460,      57.
 16083, 116.3520,  30.1630,      40.
 16084, 116.4570,  30.1810,      41.
 16085, 116.5520,  30.2120,      53.
 16086, 116.6310,  30.2390,      66.
 16087, 116.6910,  30.2500,      76.
 16088, 116.7370,  30.2510,      84.
 16089, 116.7690,  30.2510,      92.
 16090, 116.7890,  30.2520,      98.
 16091, 116.7980,  30.2550,     100.
 16092, 116.8060,  30.2600,     100.
 16093, 116.8200,  30.2710,     100.
 16094, 116.8380,  30.2870,     101.
 16095, 116.8470,  30.2960,     104.
 16096, 116.8360,  30.2820,     108.
 16097, 116.8100,  30.2450,     112.
 16098, 116.7800,  30.2000,     117.
 16099, 116.7550,  30.1660,     120.
 16100, 116.7310,  30.1450,     119.
 16101, 116.7130,  30.1220,     119.
 16102, 116.7090,  30.0870,     131.
 16103, 116.7250,  30.0450,     158.
 16104, 116.7560,  29.9990,     204.
 16105, 116.7940,  29.9310,     255.
 16106, 116.8470,  29.8370,     306.
 16107, 116.9460,  29.7220,     380.
 16108, 117.0840,  29.6190,     444.
 17000, 113.9420,  30.9070,      10.
 17065, 114.0510,  30.9340,      12.
 17066, 114.1530,  30.9470,      15.
 17067, 114.2530,  30.9520,      20.
 17068, 114.3460,  30.9500,      22.
 17069, 114.4340,  30.9500,      20.
 17070, 114.5170,  30.9630,      19.
 17071, 114.5850,  30.9910,      19.
 17072, 114.6370,  31.0320,      19.
 17073, 114.6780,  31.0840,      19.
 17074, 114.7090,  31.1360,      20.
 17075, 114.7330,  31.1810,      24.
 17076, 114.7480,  31.2220,      29.
 17077, 114.7620,  31.2590,      36.
 17078, 114.7830,  31.2950,      49.
 17079, 114.8130,  31.3290,      67.
 17080, 114.8690,  31.3570,      89.
 17081, 114.9660,  31.3740,     126.
 17082, 115.1180,  31.3660,     192.
 17083, 115.3230,  31.3470,     304.
 17084, 115.5720,  31.3330,     473.
 17085, 115.9090,  31.3100,     726.
 17086, 116.2900,  31.2860,     721.
 17087, 116.6490,  31.2280,     739.
 17088, 117.0160,  31.1600,     736.
 17089, 117.3990,  31.1070,     703.
 17090, 117.8890,  31.0110,     703.
 17091, 118.4040,  30.8910,     727.
 17092, 118.9150,  30.7270,    1063.
 17093, 119.4040,  30.5350,    1583.
 17094, 119.8090,  30.3020,    1635.
 17095, 120.1190,  30.0680,    1716.
 17096, 120.3760,  29.8250,    1711.
 17097, 120.5880,  29.5690,    1615.
 17098, 120.7770,  29.2900,    1642.
 17099, 120.9690,  29.0100,    1880.
 17100, 121.1500,  28.7210,    2111.
 17101, 121.3140,  28.4470,    2210.
 17102, 121.4780,  28.1940,    2217.
 17103, 121.6420,  27.9610,    2155.
 17104, 121.8090,  27.7520,    2254.
 17105, 121.9870,  27.5790,    2379.
 17106, 122.1880,  27.4500,    2364.
 17107, 122.3690,  27.3500,    2142.
 17108, 122.4850,  27.2580,    1928.
 17109, 122.5640,  27.1720,    1757.
 17110, 122.6150,  27.1010,    1626.
 17111, 122.6420,  27.0550,    1528.
 17112, 122.6550,  27.0310,    1418.
 18000, 113.9420,  30.9070,      10.
 18069, 114.0300,  30.9260,      12.
 18070, 114.1150,  30.9340,      13.
 18071, 114.1990,  30.9410,      14.
 18072, 114.2780,  30.9600,      20.
 18073, 114.3420,  30.9990,      32.
 18074, 114.3920,  31.0460,      45.
 18075, 114.4310,  31.0840,      47.
 18076, 114.4620,  31.1100,      42.
 18077, 114.4900,  31.1300,      36.
 18078, 114.5250,  31.1450,      32.
 18079, 114.5700,  31.1570,      33.
 18080, 114.6300,  31.1660,      33.
 18081, 114.7090,  31.1630,      33.
 18082, 114.7970,  31.1200,      37.
 18083, 114.8730,  31.0580,      54.
 18084, 114.9290,  31.0240,      73.
 18085, 114.9610,  31.0270,      77.
 18086, 114.9900,  31.0580,      72.
 18087, 115.0330,  31.1140,      75.
 18088, 115.0970,  31.1990,     104.
 18089, 115.1600,  31.2790,     144.
 18090, 115.2070,  31.3350,     154.
 18091, 115.2400,  31.3730,     153.
 18092, 115.2690,  31.4100,     160.
 18093, 115.3040,  31.4670,     174.
 18094, 115.3390,  31.5420,     187.
 18095, 115.3630,  31.6100,     187.
 18096, 115.3910,  31.6640,     176.
 18097, 115.4250,  31.7100,     155.
 18098, 115.4580,  31.7480,     129.
 18099, 115.4790,  31.7810,     101.
 18100, 115.4860,  31.8130,      70.
 18101, 115.4840,  31.8340,      49.
 18102, 115.4760,  31.8390,      46.
 18103, 115.4650,  31.8300,      57.
 18104, 115.4590,  31.8000,      86.
 18105, 115.4630,  31.7510,     138.
 18106, 115.4650,  31.6890,     209.
 18107, 115.4680,  31.6270,     307.
 18108, 115.4800,  31.5830,     468.
 18109, 115.4850,  31.5420,     681.
 18110, 115.5030,  31.4900,     813.
 18111, 115.5340,  31.4270,     823.
 18112, 115.5960,  31.3450,     784.
 18113, 115.6870,  31.2470,     783.
 18114, 115.7870,  31.1610,     765.
 18115, 115.8600,  31.0970,     657.
 18116, 115.9130,  31.0360,     528.
 19000, 113.9420,  30.9070,      10.
 19073, 114.0090,  30.9250,      10.
 19074, 114.0720,  30.9440,      12.
 19075, 114.1310,  30.9650,      18.
 19076, 114.1890,  30.9860,      26.
 19077, 114.2510,  31.0120,      36.
 19078, 114.3170,  31.0390,      53.
 19079, 114.3840,  31.0560,      66.
 19080, 114.4460,  31.0620,      60.
 19081, 114.5040,  31.0640,      38.
 19082, 114.5580,  31.0560,      20.
 19083, 114.6090,  31.0490,      15.
 19084, 114.6710,  31.0780,      23.
 19085, 114.7630,  31.1660,      45.
 19086, 114.9150,  31.2880,      93.
 19087, 115.0880,  31.3970,     192.
 19088, 115.2480,  31.5020,     266.
 19089, 115.3800,  31.5830,     255.
 19090, 115.4850,  31.6210,     254.
 19091, 115.5580,  31.6300,     279.
 19092, 115.6160,  31.6340,     306.
 19093, 115.6670,  31.6460,     313.
 19094, 115.7020,  31.6660,     306.
 19095, 115.7290,  31.6930,     290.
 19096, 115.7550,  31.7260,     266.
 19097, 115.7800,  31.7680,     237.
 19098, 115.7980,  31.8110,     206.
 19099, 115.8080,  31.8470,     178.
 19100, 115.8070,  31.8770,     150.
 19101, 115.8010,  31.8920,     132.
 19102, 115.8020,  31.8800,     127.
 19103, 115.8140,  31.8420,     139.
 19104, 115.8310,  31.7940,     168.
 19105, 115.8450,  31.7400,     218.
 19106, 115.8580,  31.6770,     269.
 19107, 115.8610,  31.6070,     348.
 19108, 115.8580,  31.5320,     480.
 19109, 115.8630,  31.4570,     619.
 19110, 115.9030,  31.3840,     648.
 19111, 115.9480,  31.3060,     561.
 19112, 115.9720,  31.2070,     512.
 19113, 116.0110,  31.1120,     508.
 19114, 116.0610,  31.0290,     460.
 19115, 116.1030,  30.9490,     378.
 19116, 116.1390,  30.8800,     318.
 19117, 116.1730,  30.8160,     261.
 19118, 116.1970,  30.7430,     142.
 19119, 116.1950,  30.6810,      56.
 19120, 116.1580,  30.6490,      50.
 20000, 113.9420,  30.9070,      10.
 20077, 113.9880,  30.9350,      17.
 20078, 114.0470,  30.9660,      28.
 20079, 114.1260,  31.0080,      48.
 20080, 114.2040,  31.0610,      72.
 20081, 114.2700,  31.1250,      78.
 20082, 114.3580,  31.1960,      60.
 20083, 114.5070,  31.2950,      42.
 20084, 114.6730,  31.4160,      76.
 20085, 114.9060,  31.5360,     182.
 20086, 115.1910,  31.6170,     296.
 20087, 115.4190,  31.6680,     355.
 20088, 115.6300,  31.6840,     416.
 20089, 115.8660,  31.6590,     458.
 20090, 116.1050,  31.6200,     427.
 20091, 116.2800,  31.5890,     352.
 20092, 116.4110,  31.5670,     284.
 20093, 116.5250,  31.5540,     221.
 20094, 116.5950,  31.5540,     174.
 20095, 116.6360,  31.5610,     140.
 20096, 116.6770,  31.5650,     109.
 20097, 116.7160,  31.5670,      81.
 20098, 116.7690,  31.5660,      60.
 20099, 116.8440,  31.5570,      45.
 20100, 116.9260,  31.5410,      34.
 20101, 117.0070,  31.5190,      30.
 20102, 117.0890,  31.4950,      32.
 20103, 117.1670,  31.4740,      40.
 20104, 117.2210,  31.4480,      57.
 20105, 117.2310,  31.4060,      76.
 20106, 117.2020,  31.3470,      97.
 20107, 117.1520,  31.2640,     147.
 20108, 117.0950,  31.1550,     265.
 20109, 117.0290,  31.0360,     430.
 20110, 116.9510,  30.9010,     596.
 20111, 116.8650,  30.7520,     706.
 20112, 116.7830,  30.5990,     769.
 20113, 116.7310,  30.4330,     799.
 20114, 116.7160,  30.2440,     763.
 20115, 116.7360,  30.0190,     768.
 20116, 116.8000,  29.7590,     940.
 20117, 116.8940,  29.5350,    1053.
 20118, 116.9660,  29.3650,    1019.
 20119, 116.9950,  29.2290,     961.
 20120, 116.9820,  29.1180,     896.
 20121, 116.9170,  29.0120,     824.
 20122, 116.8280,  28.8620,     765.
 20123, 116.7510,  28.6620,     660.
 20124, 116.6810,  28.4020,     483.
END
